type,date time,latitude,longitude,accuracy(m),altitude(m),geoid_height(m),speed(m/s),bearing(deg),sat_used,sat_inview,name,desc
W,2026-07-24 16:37:15.000,26.41609333,-80.16454667,1.70,13.452,-27.752,0.000,,12,17,,Maintenance
W,2026-07-24 16:42:59.000,26.41656000,-80.17015167,1.40,5.829,-27.729,0.000,,13,16,,Station3
T,2026-07-24 16:37:13.000,26.41609333,-80.16454667,1.80,13.452,-27.752,0.000,,11,17,20260724-123713,GPS Logger: 20260724-123713 - Maintenance-ST3
T,2026-07-24 16:37:14.000,26.41609333,-80.16454667,1.70,13.452,-27.752,0.000,,11,17,,
T,2026-07-24 16:37:15.000,26.41609333,-80.16454667,1.70,13.452,-27.752,0.000,,12,17,,
T,2026-07-24 16:37:16.000,26.41609333,-80.16454667,1.70,13.452,-27.752,0.000,,12,17,,
T,2026-07-24 16:37:17.000,26.41609333,-80.16454667,1.70,13.452,-27.752,0.000,,12,17,,
T,2026-07-24 16:37:18.000,26.41609333,-80.16454667,1.70,13.452,-27.752,0.000,,12,17,,
T,2026-07-24 16:37:19.000,26.41609333,-80.16454667,1.70,13.452,-27.752,0.000,,12,17,,
T,2026-07-24 16:37:20.000,26.41609333,-80.16454667,1.80,13.452,-27.752,0.000,,11,17,,
T,2026-07-24 16:37:21.000,26.41609333,-80.16454667,1.80,13.452,-27.752,0.000,,11,17,,
T,2026-07-24 16:37:22.000,26.41609333,-80.16454667,1.80,13.452,-27.752,0.000,,11,17,,
T,2026-07-24 16:37:23.000,26.41609333,-80.16454667,1.80,13.452,-27.752,0.000,,11,17,,
T,2026-07-24 16:37:24.000,26.41609333,-80.16454667,1.80,13.452,-27.752,0.000,,11,17,,
T,2026-07-24 16:37:25.000,26.41609333,-80.16454667,1.80,13.452,-27.752,0.000,,12,17,,
T,2026-07-24 16:37:26.000,26.41609333,-80.16454667,1.80,13.452,-27.752,0.000,,12,17,,
T,2026-07-24 16:37:27.000,26.41609333,-80.16454667,1.70,13.452,-27.752,0.000,,12,17,,
T,2026-07-24 16:37:28.000,26.41609333,-80.16454667,1.70,13.452,-27.752,0.000,,12,17,,
T,2026-07-24 16:37:29.000,26.41609333,-80.16454667,1.70,13.452,-27.752,0.000,,12,17,,
T,2026-07-24 16:37:30.000,26.41609333,-80.16454667,1.70,13.452,-27.752,0.000,,12,17,,
T,2026-07-24 16:37:31.000,26.41609333,-80.16454667,1.70,13.452,-27.752,0.000,,11,17,,
T,2026-07-24 16:37:32.000,26.41609333,-80.16454667,1.70,13.452,-27.752,0.000,,11,17,,
T,2026-07-24 16:37:33.000,26.41609333,-80.16454667,1.70,13.452,-27.752,0.000,,11,17,,
T,2026-07-24 16:37:34.000,26.41609333,-80.16454667,1.70,13.452,-27.752,0.000,,11,17,,
T,2026-07-24 16:37:35.000,26.41604500,-80.16456500,1.80,8.352,-27.752,0.206,155,11,17,,
T,2026-07-24 16:37:36.000,26.41604333,-80.16456000,1.80,8.452,-27.752,0.000,,11,17,,
T,2026-07-24 16:37:37.000,26.41604667,-80.16455833,1.90,8.552,-27.752,0.000,,11,17,,
T,2026-07-24 16:37:38.000,26.41605000,-80.16455333,1.90,8.252,-27.752,0.000,,11,17,,
T,2026-07-24 16:37:39.000,26.41605000,-80.16455333,1.90,8.252,-27.752,0.000,,11,17,,
T,2026-07-24 16:37:40.000,26.41605000,-80.16455333,1.90,8.252,-27.752,0.000,,11,17,,
T,2026-07-24 16:37:41.000,26.41605000,-80.16455333,1.90,8.252,-27.752,0.000,,11,17,,
T,2026-07-24 16:37:42.000,26.41605000,-80.16455333,2.00,8.252,-27.752,0.000,,11,17,,
T,2026-07-24 16:37:43.000,26.41605000,-80.16455333,1.90,8.252,-27.752,0.000,,11,17,,
T,2026-07-24 16:37:44.000,26.41605000,-80.16455333,1.90,8.252,-27.752,0.000,,11,17,,
T,2026-07-24 16:37:45.000,26.41605000,-80.16455333,1.90,8.252,-27.752,0.000,,12,17,,
T,2026-07-24 16:37:46.000,26.41605000,-80.16455333,1.90,8.252,-27.752,0.000,,12,17,,
T,2026-07-24 16:37:47.000,26.41607333,-80.16458000,1.90,6.552,-27.752,0.211,145,12,17,,
T,2026-07-24 16:37:48.000,26.41606833,-80.16457833,1.90,6.452,-27.752,0.247,148,12,17,,
T,2026-07-24 16:37:49.000,26.41606500,-80.16458333,1.90,6.352,-27.752,0.000,,12,17,,
T,2026-07-24 16:37:50.000,26.41606333,-80.16458833,2.00,6.452,-27.752,0.000,,12,17,,
T,2026-07-24 16:37:51.000,26.41606167,-80.16459000,1.90,6.652,-27.752,0.000,,12,17,,
T,2026-07-24 16:37:52.000,26.41606167,-80.16459000,1.90,6.652,-27.752,0.000,,12,17,,
T,2026-07-24 16:37:53.000,26.41606167,-80.16459000,1.90,6.652,-27.752,0.000,,11,17,,
T,2026-07-24 16:37:54.000,26.41606167,-80.16459000,1.90,6.652,-27.752,0.000,,12,17,,
T,2026-07-24 16:37:55.000,26.41606167,-80.16459000,1.90,6.652,-27.752,0.000,,12,17,,
T,2026-07-24 16:37:56.000,26.41606167,-80.16459000,1.90,6.652,-27.752,0.000,,13,17,,
T,2026-07-24 16:37:57.000,26.41606167,-80.16459000,1.90,6.652,-27.752,0.000,,13,17,,
T,2026-07-24 16:37:58.000,26.41606167,-80.16459000,1.80,6.652,-27.752,0.000,,13,17,,
T,2026-07-24 16:37:59.000,26.41606167,-80.16459000,1.80,6.652,-27.752,0.000,,13,17,,
T,2026-07-24 16:38:00.000,26.41604167,-80.16458167,1.80,7.552,-27.752,0.284,233,13,17,,
T,2026-07-24 16:38:01.000,26.41603667,-80.16458667,1.90,7.752,-27.752,0.354,232,13,17,,
T,2026-07-24 16:38:02.000,26.41603500,-80.16459167,1.90,7.752,-27.752,0.000,,13,17,,
T,2026-07-24 16:38:03.000,26.41603667,-80.16459833,1.90,7.952,-27.752,0.000,,13,17,,
T,2026-07-24 16:38:04.000,26.41603167,-80.16460000,2.00,7.951,-27.751,0.000,,13,17,,
T,2026-07-24 16:38:05.000,26.41603000,-80.16460667,2.10,8.351,-27.751,0.454,224,12,17,,
T,2026-07-24 16:38:06.000,26.41602667,-80.16460833,2.00,9.051,-27.751,0.484,201,12,17,,
T,2026-07-24 16:38:07.000,26.41602667,-80.16461000,2.00,9.651,-27.751,0.512,210,12,17,,
T,2026-07-24 16:38:08.000,26.41602333,-80.16461167,2.10,9.951,-27.751,0.561,183,12,17,,
T,2026-07-24 16:38:09.000,26.41602167,-80.16461500,2.10,10.351,-27.751,0.594,203,12,17,,
T,2026-07-24 16:38:10.000,26.41601833,-80.16462333,2.10,10.851,-27.751,0.613,228,13,17,,
T,2026-07-24 16:38:11.000,26.41601500,-80.16463167,2.10,10.851,-27.751,0.569,200,13,17,,
T,2026-07-24 16:38:12.000,26.41601667,-80.16464500,2.10,10.751,-27.751,0.567,240,13,17,,
T,2026-07-24 16:38:13.000,26.41601833,-80.16464833,2.00,10.551,-27.751,0.550,107,13,17,,
T,2026-07-24 16:38:14.000,26.41601667,-80.16465333,2.00,10.151,-27.751,0.543,270,13,17,,
T,2026-07-24 16:38:15.000,26.41601333,-80.16466000,2.00,9.851,-27.751,0.555,215,13,17,,
T,2026-07-24 16:38:16.000,26.41600333,-80.16467000,2.00,9.751,-27.751,0.581,214,13,17,,
T,2026-07-24 16:38:17.000,26.41599000,-80.16468667,1.90,9.951,-27.751,0.639,227,13,17,,
T,2026-07-24 16:38:18.000,26.41597667,-80.16470333,2.10,10.351,-27.751,0.647,165,13,17,,
T,2026-07-24 16:38:19.000,26.41596500,-80.16470500,2.00,10.851,-27.751,0.688,147,13,17,,
T,2026-07-24 16:38:20.000,26.41595500,-80.16470500,2.00,11.351,-27.751,0.695,181,13,17,,
T,2026-07-24 16:38:21.000,26.41595333,-80.16470000,2.00,11.251,-27.751,0.718,137,13,17,,
T,2026-07-24 16:38:22.000,26.41595000,-80.16470000,2.00,11.151,-27.751,0.748,147,13,17,,
T,2026-07-24 16:38:23.000,26.41595000,-80.16470500,2.10,10.951,-27.751,0.766,267,13,17,,
T,2026-07-24 16:38:24.000,26.41595667,-80.16471833,2.10,10.551,-27.751,0.811,296,13,17,,
T,2026-07-24 16:38:25.000,26.41596833,-80.16473500,2.10,10.451,-27.751,0.878,295,13,17,,
T,2026-07-24 16:38:26.000,26.41596833,-80.16475000,2.10,10.451,-27.751,0.902,281,13,17,,
T,2026-07-24 16:38:27.000,26.41596500,-80.16476333,2.10,10.251,-27.751,0.923,284,13,17,,
T,2026-07-24 16:38:28.000,26.41596167,-80.16477833,2.20,10.251,-27.751,0.957,283,13,17,,
T,2026-07-24 16:38:29.000,26.41596333,-80.16479167,2.20,10.051,-27.751,0.000,,13,17,,
T,2026-07-24 16:38:30.000,26.41595833,-80.16480833,2.20,9.451,-27.751,1.058,254,13,17,,
T,2026-07-24 16:38:31.000,26.41594667,-80.16482667,2.20,9.451,-27.751,1.157,236,13,17,,
T,2026-07-24 16:38:32.000,26.41593667,-80.16484500,2.00,9.950,-27.750,1.282,219,13,17,,
T,2026-07-24 16:38:33.000,26.41591000,-80.16486167,2.00,9.450,-27.750,1.498,214,13,17,,
T,2026-07-24 16:38:34.000,26.41588667,-80.16487500,2.00,9.150,-27.750,1.636,220,13,17,,
T,2026-07-24 16:38:35.000,26.41586667,-80.16488500,1.90,9.050,-27.750,1.726,211,13,17,,
T,2026-07-24 16:38:36.000,26.41584833,-80.16489667,1.90,9.250,-27.750,1.816,221,13,17,,
T,2026-07-24 16:38:37.000,26.41581833,-80.16491000,1.90,8.850,-27.750,1.990,202,13,17,,
T,2026-07-24 16:38:38.000,26.41578667,-80.16492167,1.80,8.350,-27.750,2.225,198,13,17,,
T,2026-07-24 16:38:39.000,26.41575000,-80.16492833,1.90,8.350,-27.750,2.404,182,13,17,,
T,2026-07-24 16:38:40.000,26.41571833,-80.16493000,2.20,8.350,-27.750,2.593,182,13,17,,
T,2026-07-24 16:38:41.000,26.41569000,-80.16492667,2.30,8.350,-27.750,2.772,178,13,17,,
T,2026-07-24 16:38:42.000,26.41565667,-80.16492667,2.30,7.650,-27.750,2.913,176,13,17,,
T,2026-07-24 16:38:43.000,26.41562500,-80.16492167,2.40,7.650,-27.750,2.997,179,13,17,,
T,2026-07-24 16:38:44.000,26.41559500,-80.16492167,2.40,7.750,-27.750,3.099,175,13,17,,
T,2026-07-24 16:38:45.000,26.41556333,-80.16491500,2.40,7.950,-27.750,3.213,175,13,17,,
T,2026-07-24 16:38:46.000,26.41553333,-80.16490833,2.50,8.050,-27.750,3.324,163,13,17,,
T,2026-07-24 16:38:47.000,26.41550333,-80.16489333,2.50,8.250,-27.750,3.367,151,13,17,,
T,2026-07-24 16:38:48.000,26.41547667,-80.16488000,2.50,8.550,-27.750,3.349,160,13,17,,
T,2026-07-24 16:38:49.000,26.41544667,-80.16486500,2.50,8.750,-27.750,3.337,155,13,17,,
T,2026-07-24 16:38:50.000,26.41542000,-80.16485000,2.60,8.850,-27.750,3.279,156,13,17,,
T,2026-07-24 16:38:51.000,26.41539333,-80.16483833,2.60,9.150,-27.750,3.258,158,13,17,,
T,2026-07-24 16:38:52.000,26.41535833,-80.16482333,2.10,9.850,-27.750,3.262,151,13,17,,
T,2026-07-24 16:38:53.000,26.41533333,-80.16480500,2.30,9.850,-27.750,3.262,145,13,17,,
T,2026-07-24 16:38:54.000,26.41530667,-80.16478833,2.30,9.750,-27.750,3.264,148,13,17,,
T,2026-07-24 16:38:55.000,26.41528167,-80.16477500,2.40,9.750,-27.750,3.210,155,13,17,,
T,2026-07-24 16:38:56.000,26.41525833,-80.16476500,2.40,9.650,-27.750,3.151,159,13,17,,
T,2026-07-24 16:38:57.000,26.41522833,-80.16475500,2.10,8.850,-27.750,3.045,177,13,17,,
T,2026-07-24 16:38:58.000,26.41520833,-80.16476500,1.90,7.750,-27.750,2.926,194,13,17,,
T,2026-07-24 16:38:59.000,26.41518833,-80.16477667,1.80,7.250,-27.750,2.855,211,13,17,,
T,2026-07-24 16:39:00.000,26.41516833,-80.16479333,1.80,6.350,-27.750,2.842,216,13,17,,
T,2026-07-24 16:39:01.000,26.41514500,-80.16481167,1.80,6.050,-27.750,2.854,213,13,17,,
T,2026-07-24 16:39:02.000,26.41512000,-80.16483000,1.80,5.550,-27.750,2.858,206,13,17,,
T,2026-07-24 16:39:03.000,26.41509167,-80.16484667,2.10,5.550,-27.750,2.891,208,13,17,,
T,2026-07-24 16:39:04.000,26.41506333,-80.16486333,2.30,6.150,-27.750,2.903,212,13,17,,
T,2026-07-24 16:39:05.000,26.41505000,-80.16486667,2.50,6.850,-27.750,2.782,189,13,17,,
T,2026-07-24 16:39:06.000,26.41503167,-80.16486000,2.80,6.950,-27.750,2.726,164,13,17,,
T,2026-07-24 16:39:07.000,26.41500833,-80.16485167,2.80,8.050,-27.750,2.750,175,13,17,,
T,2026-07-24 16:39:08.000,26.41497833,-80.16485000,2.80,9.250,-27.750,2.803,174,13,17,,
T,2026-07-24 16:39:09.000,26.41495667,-80.16485000,3.00,9.450,-27.750,2.763,172,12,17,,
T,2026-07-24 16:39:10.000,26.41495000,-80.16484167,3.00,11.350,-27.750,0.000,,10,17,,
T,2026-07-24 16:39:11.000,26.41495000,-80.16484000,2.90,14.950,-27.750,0.000,,10,17,,
T,2026-07-24 16:39:12.000,26.41492833,-80.16484167,2.50,14.850,-27.750,2.100,176,11,17,,
T,2026-07-24 16:39:13.000,26.41491333,-80.16487667,2.20,15.250,-27.750,1.893,199,13,17,,
T,2026-07-24 16:39:14.000,26.41488333,-80.16491333,2.00,14.750,-27.750,1.817,212,13,17,,
T,2026-07-24 16:39:15.000,26.41485500,-80.16493500,1.90,15.349,-27.749,1.916,204,13,17,,
T,2026-07-24 16:39:16.000,26.41482833,-80.16495833,1.80,15.449,-27.749,2.059,230,13,17,,
T,2026-07-24 16:39:17.000,26.41480500,-80.16500667,1.90,15.449,-27.749,2.205,240,13,17,,
T,2026-07-24 16:39:18.000,26.41479000,-80.16504667,2.20,15.549,-27.749,2.306,251,13,17,,
T,2026-07-24 16:39:19.000,26.41479833,-80.16507833,2.40,15.749,-27.749,2.361,300,13,17,,
T,2026-07-24 16:39:20.000,26.41481167,-80.16511167,2.40,15.149,-27.749,2.479,293,13,17,,
T,2026-07-24 16:39:21.000,26.41481667,-80.16514667,2.10,14.149,-27.749,2.610,314,13,17,,
T,2026-07-24 16:39:22.000,26.41482833,-80.16516833,1.90,13.148,-27.748,2.691,320,13,17,,
T,2026-07-24 16:39:23.000,26.41484000,-80.16518000,1.80,12.048,-27.748,2.706,324,13,17,,
T,2026-07-24 16:39:24.000,26.41485667,-80.16519000,1.80,10.548,-27.748,2.668,6,13,17,,
T,2026-07-24 16:39:25.000,26.41488333,-80.16519167,1.80,10.048,-27.748,2.688,3,13,17,,
T,2026-07-24 16:39:26.000,26.41491667,-80.16519000,1.80,9.948,-27.748,2.651,354,13,17,,
T,2026-07-24 16:39:27.000,26.41494833,-80.16519333,1.90,10.348,-27.748,2.544,343,13,17,,
T,2026-07-24 16:39:28.000,26.41497333,-80.16520833,2.10,10.248,-27.748,2.494,329,13,17,,
T,2026-07-24 16:39:29.000,26.41500167,-80.16522833,1.90,10.448,-27.748,2.568,315,13,17,,
T,2026-07-24 16:39:30.000,26.41502000,-80.16525500,2.10,10.248,-27.748,2.669,301,13,17,,
T,2026-07-24 16:39:31.000,26.41503500,-80.16529000,2.20,9.648,-27.748,2.872,297,13,17,,
T,2026-07-24 16:39:32.000,26.41505000,-80.16532500,2.40,9.648,-27.748,3.045,298,13,17,,
T,2026-07-24 16:39:33.000,26.41506667,-80.16536000,2.40,9.048,-27.748,3.291,299,13,17,,
T,2026-07-24 16:39:34.000,26.41508500,-80.16539500,2.40,8.548,-27.748,3.505,300,13,17,,
T,2026-07-24 16:39:35.000,26.41510000,-80.16541333,2.50,8.148,-27.748,3.419,308,13,17,,
T,2026-07-24 16:39:36.000,26.41510833,-80.16542667,2.40,7.848,-27.748,3.348,303,13,17,,
T,2026-07-24 16:39:37.000,26.41512167,-80.16545500,2.00,7.447,-27.747,3.312,300,13,17,,
T,2026-07-24 16:39:38.000,26.41513000,-80.16547833,1.90,7.447,-27.747,3.207,305,13,17,,
T,2026-07-24 16:39:39.000,26.41513667,-80.16550333,1.80,7.347,-27.747,3.139,299,13,17,,
T,2026-07-24 16:39:40.000,26.41514667,-80.16553333,1.80,7.547,-27.747,3.101,298,13,17,,
T,2026-07-24 16:39:41.000,26.41516000,-80.16556167,1.80,7.747,-27.747,3.045,301,13,17,,
T,2026-07-24 16:39:42.000,26.41517500,-80.16559000,2.00,7.747,-27.747,3.030,301,13,17,,
T,2026-07-24 16:39:43.000,26.41518833,-80.16562167,2.10,7.447,-27.747,2.942,298,13,17,,
T,2026-07-24 16:39:44.000,26.41520000,-80.16565000,2.20,7.247,-27.747,2.837,299,13,17,,
T,2026-07-24 16:39:45.000,26.41521167,-80.16567667,2.20,7.247,-27.747,2.962,293,13,17,,
T,2026-07-24 16:39:46.000,26.41522167,-80.16570500,2.30,7.346,-27.746,3.004,293,13,17,,
T,2026-07-24 16:39:47.000,26.41523000,-80.16573167,2.30,7.246,-27.746,2.940,296,13,17,,
T,2026-07-24 16:39:48.000,26.41523167,-80.16575000,2.00,6.246,-27.746,2.872,300,13,17,,
T,2026-07-24 16:39:49.000,26.41523500,-80.16575833,1.90,6.446,-27.746,2.641,296,13,17,,
T,2026-07-24 16:39:50.000,26.41523167,-80.16576167,1.80,6.446,-27.746,2.347,257,13,17,,
T,2026-07-24 16:39:51.000,26.41522833,-80.16576167,1.70,7.046,-27.746,2.025,247,13,17,,
T,2026-07-24 16:39:52.000,26.41522500,-80.16576000,1.70,7.646,-27.746,1.683,222,13,17,,
T,2026-07-24 16:39:53.000,26.41522500,-80.16576000,1.60,8.146,-27.746,1.353,275,13,17,,
T,2026-07-24 16:39:54.000,26.41522333,-80.16575833,1.60,8.446,-27.746,1.027,216,13,17,,
T,2026-07-24 16:39:55.000,26.41522333,-80.16575667,1.60,8.946,-27.746,0.725,334,13,17,,
T,2026-07-24 16:39:56.000,26.41522667,-80.16575667,1.50,9.046,-27.746,0.468,312,13,17,,
T,2026-07-24 16:39:57.000,26.41522833,-80.16576167,1.50,9.146,-27.746,0.000,,13,17,,
T,2026-07-24 16:39:58.000,26.41523500,-80.16576500,1.60,9.446,-27.746,0.312,310,13,17,,
T,2026-07-24 16:39:59.000,26.41525000,-80.16578333,1.60,9.746,-27.746,0.481,303,13,17,,
T,2026-07-24 16:40:00.000,26.41526500,-80.16579667,1.70,9.646,-27.746,0.692,314,13,17,,
T,2026-07-24 16:40:01.000,26.41528000,-80.16581333,1.70,9.746,-27.746,0.937,307,13,17,,
T,2026-07-24 16:40:02.000,26.41529500,-80.16583667,1.70,9.946,-27.746,1.223,315,13,17,,
T,2026-07-24 16:40:03.000,26.41532167,-80.16585000,1.80,9.646,-27.746,1.511,332,13,17,,
T,2026-07-24 16:40:04.000,26.41535167,-80.16586500,1.80,9.946,-27.746,1.858,337,13,17,,
T,2026-07-24 16:40:05.000,26.41538667,-80.16587667,1.90,8.946,-27.746,2.207,333,13,17,,
T,2026-07-24 16:40:06.000,26.41542000,-80.16589500,1.90,7.946,-27.746,2.553,332,13,17,,
T,2026-07-24 16:40:07.000,26.41544500,-80.16591667,1.80,7.146,-27.746,2.870,321,13,17,,
T,2026-07-24 16:40:08.000,26.41546667,-80.16594167,1.80,6.146,-27.746,3.078,300,13,17,,
T,2026-07-24 16:40:09.000,26.41548167,-80.16597833,1.90,6.246,-27.746,3.238,299,13,17,,
T,2026-07-24 16:40:10.000,26.41549667,-80.16601167,2.10,6.145,-27.745,3.389,296,13,17,,
T,2026-07-24 16:40:11.000,26.41551500,-80.16604833,2.20,5.945,-27.745,3.535,299,13,17,,
T,2026-07-24 16:40:12.000,26.41553500,-80.16608333,2.30,5.545,-27.745,3.645,301,13,17,,
T,2026-07-24 16:40:13.000,26.41555833,-80.16611833,2.40,5.645,-27.745,3.752,308,13,17,,
T,2026-07-24 16:40:14.000,26.41558167,-80.16615167,2.50,5.445,-27.745,3.830,311,13,17,,
T,2026-07-24 16:40:15.000,26.41560000,-80.16618333,2.50,5.245,-27.745,3.885,306,13,17,,
T,2026-07-24 16:40:16.000,26.41562167,-80.16621833,2.50,5.145,-27.745,3.963,306,13,17,,
T,2026-07-24 16:40:17.000,26.41564167,-80.16625667,2.50,4.744,-27.744,4.090,308,13,17,,
T,2026-07-24 16:40:18.000,26.41566000,-80.16629500,2.50,4.344,-27.744,4.185,304,13,17,,
T,2026-07-24 16:40:19.000,26.41568167,-80.16633167,2.60,4.044,-27.744,4.228,296,13,17,,
T,2026-07-24 16:40:20.000,26.41570000,-80.16637000,2.60,3.744,-27.744,4.256,295,13,17,,
T,2026-07-24 16:40:21.000,26.41571500,-80.16640833,2.50,4.044,-27.744,4.379,302,13,17,,
T,2026-07-24 16:40:22.000,26.41573500,-80.16644667,2.60,3.944,-27.744,4.422,306,13,17,,
T,2026-07-24 16:40:23.000,26.41575333,-80.16648167,2.60,3.644,-27.744,4.461,305,13,17,,
T,2026-07-24 16:40:24.000,26.41577167,-80.16651500,2.60,3.343,-27.743,4.445,298,13,17,,
T,2026-07-24 16:40:25.000,26.41579167,-80.16654833,2.60,3.143,-27.743,4.468,303,13,17,,
T,2026-07-24 16:40:26.000,26.41581167,-80.16658333,2.60,2.843,-27.743,4.443,297,13,17,,
T,2026-07-24 16:40:27.000,26.41582833,-80.16661667,2.70,2.043,-27.743,4.397,302,13,17,,
T,2026-07-24 16:40:28.000,26.41584500,-80.16664833,2.70,1.043,-27.743,4.436,305,13,17,,
T,2026-07-24 16:40:29.000,26.41586333,-80.16667833,2.60,0.243,-27.743,4.376,297,13,17,,
T,2026-07-24 16:40:30.000,26.41588167,-80.16670500,2.60,-0.457,-27.743,4.327,311,13,17,,
T,2026-07-24 16:40:31.000,26.41589833,-80.16672667,2.60,-1.257,-27.743,4.067,287,13,17,,
T,2026-07-24 16:40:32.000,26.41591667,-80.16675000,2.50,0.543,-27.743,3.897,310,13,17,,
T,2026-07-24 16:40:33.000,26.41594667,-80.16677333,2.20,2.442,-27.742,3.748,312,13,17,,
T,2026-07-24 16:40:34.000,26.41596000,-80.16678833,2.00,3.342,-27.742,3.573,310,13,17,,
T,2026-07-24 16:40:35.000,26.41597333,-80.16680167,1.90,3.742,-27.742,3.344,322,13,17,,
T,2026-07-24 16:40:36.000,26.41598333,-80.16681000,2.00,4.442,-27.742,3.096,324,13,17,,
T,2026-07-24 16:40:37.000,26.41599333,-80.16682000,2.00,4.542,-27.742,2.836,311,13,17,,
T,2026-07-24 16:40:38.000,26.41600333,-80.16684667,2.00,4.842,-27.742,2.663,287,13,17,,
T,2026-07-24 16:40:39.000,26.41601167,-80.16688167,1.90,4.742,-27.742,2.664,300,13,17,,
T,2026-07-24 16:40:40.000,26.41603000,-80.16691167,2.10,4.742,-27.742,2.661,307,13,17,,
T,2026-07-24 16:40:41.000,26.41605167,-80.16694167,2.30,4.642,-27.742,2.752,312,13,17,,
T,2026-07-24 16:40:42.000,26.41607500,-80.16697167,2.30,4.642,-27.742,2.889,313,13,17,,
T,2026-07-24 16:40:43.000,26.41610000,-80.16700167,2.30,4.542,-27.742,2.890,322,13,17,,
T,2026-07-24 16:40:44.000,26.41612167,-80.16702000,2.30,4.442,-27.742,2.960,319,13,17,,
T,2026-07-24 16:40:45.000,26.41614000,-80.16704833,1.90,4.141,-27.741,3.033,312,13,17,,
T,2026-07-24 16:40:46.000,26.41615833,-80.16707333,2.10,3.941,-27.741,3.207,303,13,17,,
T,2026-07-24 16:40:47.000,26.41617833,-80.16710333,1.90,3.441,-27.741,3.390,297,13,17,,
T,2026-07-24 16:40:48.000,26.41619167,-80.16713833,2.10,3.241,-27.741,3.432,286,13,17,,
T,2026-07-24 16:40:49.000,26.41619833,-80.16717167,2.20,3.241,-27.741,3.425,279,13,17,,
T,2026-07-24 16:40:50.000,26.41620500,-80.16720500,2.30,3.341,-27.741,3.397,285,13,17,,
T,2026-07-24 16:40:51.000,26.41620833,-80.16723667,2.40,3.441,-27.741,3.363,283,13,17,,
T,2026-07-24 16:40:52.000,26.41621333,-80.16726667,2.40,3.441,-27.741,3.243,284,13,17,,
T,2026-07-24 16:40:53.000,26.41621833,-80.16729000,2.40,3.441,-27.741,3.177,292,13,17,,
T,2026-07-24 16:40:54.000,26.41622333,-80.16730667,2.10,2.840,-27.740,3.054,274,13,17,,
T,2026-07-24 16:40:55.000,26.41622833,-80.16731500,2.00,2.640,-27.740,2.809,256,13,17,,
T,2026-07-24 16:40:56.000,26.41623667,-80.16732333,1.90,2.840,-27.740,2.519,285,13,17,,
T,2026-07-24 16:40:57.000,26.41625167,-80.16733333,1.80,3.140,-27.740,2.363,336,13,17,,
T,2026-07-24 16:40:58.000,26.41628000,-80.16734167,1.80,3.640,-27.740,2.281,338,13,17,,
T,2026-07-24 16:40:59.000,26.41630333,-80.16735500,1.80,3.640,-27.740,2.208,336,13,17,,
T,2026-07-24 16:41:00.000,26.41632500,-80.16737500,1.90,3.540,-27.740,2.199,331,13,17,,
T,2026-07-24 16:41:01.000,26.41634833,-80.16739333,1.90,3.740,-27.740,2.211,337,13,17,,
T,2026-07-24 16:41:02.000,26.41637333,-80.16740500,2.10,4.040,-27.740,2.196,341,13,17,,
T,2026-07-24 16:41:03.000,26.41639333,-80.16741500,2.20,4.940,-27.740,2.208,346,13,17,,
T,2026-07-24 16:41:04.000,26.41641500,-80.16744000,2.00,4.640,-27.740,2.342,334,13,17,,
T,2026-07-24 16:41:05.000,26.41644500,-80.16745667,1.90,5.340,-27.740,2.641,335,13,17,,
T,2026-07-24 16:41:06.000,26.41647500,-80.16747000,2.10,5.640,-27.740,2.946,341,13,17,,
T,2026-07-24 16:41:07.000,26.41650667,-80.16748333,2.20,6.040,-27.740,3.109,339,13,16,,
T,2026-07-24 16:41:08.000,26.41653500,-80.16749333,2.30,5.540,-27.740,3.194,339,14,16,,
T,2026-07-24 16:41:09.000,26.41656333,-80.16750833,2.30,5.840,-27.740,3.260,334,14,16,,
T,2026-07-24 16:41:10.000,26.41658833,-80.16752167,2.30,6.040,-27.740,3.236,323,14,16,,
T,2026-07-24 16:41:11.000,26.41660667,-80.16754333,2.30,6.340,-27.740,3.158,301,14,16,,
T,2026-07-24 16:41:12.000,26.41661667,-80.16757167,2.00,5.940,-27.740,3.114,285,14,16,,
T,2026-07-24 16:41:13.000,26.41661500,-80.16760167,1.90,5.139,-27.739,3.175,264,14,16,,
T,2026-07-24 16:41:14.000,26.41660333,-80.16763333,1.80,4.239,-27.739,3.143,246,14,16,,
T,2026-07-24 16:41:15.000,26.41658833,-80.16766167,1.80,4.039,-27.739,3.077,245,14,16,,
T,2026-07-24 16:41:16.000,26.41657000,-80.16768333,1.80,3.439,-27.739,3.004,225,14,16,,
T,2026-07-24 16:41:17.000,26.41654500,-80.16770500,1.80,3.639,-27.739,2.947,218,14,16,,
T,2026-07-24 16:41:18.000,26.41652000,-80.16772667,1.80,3.939,-27.739,2.918,223,14,16,,
T,2026-07-24 16:41:19.000,26.41649833,-80.16775333,2.00,4.239,-27.739,2.935,226,14,16,,
T,2026-07-24 16:41:20.000,26.41647833,-80.16778000,2.10,4.339,-27.739,2.986,225,14,16,,
T,2026-07-24 16:41:21.000,26.41645833,-80.16780833,2.20,4.439,-27.739,3.105,234,14,16,,
T,2026-07-24 16:41:22.000,26.41644333,-80.16783667,2.30,4.638,-27.738,3.221,240,14,16,,
T,2026-07-24 16:41:23.000,26.41642667,-80.16786500,2.30,4.838,-27.738,3.292,241,14,16,,
T,2026-07-24 16:41:24.000,26.41641333,-80.16789667,2.30,4.938,-27.738,3.390,245,14,16,,
T,2026-07-24 16:41:25.000,26.41639667,-80.16792833,2.30,4.738,-27.738,3.476,237,14,16,,
T,2026-07-24 16:41:26.000,26.41637833,-80.16795833,2.40,4.638,-27.738,3.537,234,14,16,,
T,2026-07-24 16:41:27.000,26.41636000,-80.16798500,2.40,4.538,-27.738,3.580,231,14,16,,
T,2026-07-24 16:41:28.000,26.41633667,-80.16801333,2.30,4.238,-27.738,3.665,227,14,16,,
T,2026-07-24 16:41:29.000,26.41631500,-80.16804167,2.30,3.537,-27.737,3.739,230,14,16,,
T,2026-07-24 16:41:30.000,26.41629167,-80.16807500,2.30,3.237,-27.737,3.822,233,14,16,,
T,2026-07-24 16:41:31.000,26.41627167,-80.16810333,2.30,3.737,-27.737,3.814,236,14,16,,
T,2026-07-24 16:41:32.000,26.41625667,-80.16813000,2.30,4.137,-27.737,3.772,242,14,16,,
T,2026-07-24 16:41:33.000,26.41624500,-80.16816167,2.30,4.837,-27.737,3.744,253,14,16,,
T,2026-07-24 16:41:34.000,26.41623500,-80.16819500,2.30,5.337,-27.737,3.724,258,14,16,,
T,2026-07-24 16:41:35.000,26.41623167,-80.16823167,2.30,5.337,-27.737,3.716,267,14,16,,
T,2026-07-24 16:41:36.000,26.41623000,-80.16826333,2.30,4.937,-27.737,3.728,274,14,16,,
T,2026-07-24 16:41:37.000,26.41623333,-80.16830167,2.30,5.036,-27.736,3.730,271,14,16,,
T,2026-07-24 16:41:38.000,26.41623500,-80.16834000,2.30,5.036,-27.736,3.696,273,13,16,,
T,2026-07-24 16:41:39.000,26.41623833,-80.16837333,2.30,5.136,-27.736,3.623,271,14,16,,
T,2026-07-24 16:41:40.000,26.41623833,-80.16840833,2.30,5.036,-27.736,3.562,266,14,16,,
T,2026-07-24 16:41:41.000,26.41623500,-80.16844500,2.30,5.136,-27.736,3.593,267,14,16,,
T,2026-07-24 16:41:42.000,26.41623667,-80.16848500,2.30,5.136,-27.736,3.666,267,14,16,,
T,2026-07-24 16:41:43.000,26.41623333,-80.16852333,2.30,5.335,-27.735,3.725,260,14,16,,
T,2026-07-24 16:41:44.000,26.41623167,-80.16856167,2.40,5.235,-27.735,3.745,265,14,16,,
T,2026-07-24 16:41:45.000,26.41623500,-80.16859667,2.40,5.035,-27.735,3.769,272,14,16,,
T,2026-07-24 16:41:46.000,26.41623667,-80.16863167,2.30,5.335,-27.735,3.781,274,14,16,,
T,2026-07-24 16:41:47.000,26.41624333,-80.16866833,2.30,5.335,-27.735,3.783,284,14,16,,
T,2026-07-24 16:41:48.000,26.41625167,-80.16870000,2.30,5.135,-27.735,3.717,284,14,16,,
T,2026-07-24 16:41:49.000,26.41625833,-80.16872833,2.30,5.135,-27.735,3.672,287,14,16,,
T,2026-07-24 16:41:50.000,26.41626500,-80.16875667,2.30,5.534,-27.734,3.625,288,14,16,,
T,2026-07-24 16:41:51.000,26.41627167,-80.16878833,2.30,5.534,-27.734,3.587,283,14,16,,
T,2026-07-24 16:41:52.000,26.41627500,-80.16882667,2.30,5.734,-27.734,3.585,272,14,16,,
T,2026-07-24 16:41:53.000,26.41627333,-80.16886500,2.40,5.834,-27.734,3.558,266,14,16,,
T,2026-07-24 16:41:54.000,26.41627167,-80.16890000,2.40,5.734,-27.734,3.536,271,14,16,,
T,2026-07-24 16:41:55.000,26.41626833,-80.16893167,1.90,4.834,-27.734,3.517,269,14,16,,
T,2026-07-24 16:41:56.000,26.41626833,-80.16896667,1.80,4.734,-27.734,3.519,269,14,16,,
T,2026-07-24 16:41:57.000,26.41627000,-80.16900000,1.80,4.633,-27.733,3.500,274,14,16,,
T,2026-07-24 16:41:58.000,26.41627000,-80.16903667,1.80,4.733,-27.733,3.559,274,14,16,,
T,2026-07-24 16:41:59.000,26.41627167,-80.16907667,1.80,5.033,-27.733,3.654,278,13,16,,
T,2026-07-24 16:42:00.000,26.41627500,-80.16911833,1.80,5.233,-27.733,3.696,274,13,17,,
T,2026-07-24 16:42:01.000,26.41627833,-80.16915667,1.80,5.933,-27.733,3.720,276,14,17,,
T,2026-07-24 16:42:02.000,26.41628167,-80.16919667,1.70,6.333,-27.733,3.702,276,14,17,,
T,2026-07-24 16:42:03.000,26.41628667,-80.16923000,1.80,6.533,-27.733,3.702,278,15,17,,
T,2026-07-24 16:42:04.000,26.41629167,-80.16926833,1.70,6.532,-27.732,3.709,281,14,17,,
T,2026-07-24 16:42:05.000,26.41629833,-80.16930333,2.00,6.432,-27.732,3.713,283,14,17,,
T,2026-07-24 16:42:06.000,26.41630667,-80.16933833,2.10,6.332,-27.732,3.693,285,14,17,,
T,2026-07-24 16:42:07.000,26.41631333,-80.16937333,2.20,6.132,-27.732,3.698,282,14,17,,
T,2026-07-24 16:42:08.000,26.41632000,-80.16940833,2.30,6.232,-27.732,3.701,278,14,17,,
T,2026-07-24 16:42:09.000,26.41632500,-80.16944500,2.30,6.532,-27.732,3.641,273,14,17,,
T,2026-07-24 16:42:10.000,26.41632667,-80.16948333,2.30,7.032,-27.732,3.618,271,14,17,,
T,2026-07-24 16:42:11.000,26.41632333,-80.16951667,2.30,7.031,-27.731,3.583,268,14,17,,
T,2026-07-24 16:42:12.000,26.41632167,-80.16955000,2.40,7.131,-27.731,3.555,269,14,17,,
T,2026-07-24 16:42:13.000,26.41632000,-80.16958500,2.40,7.031,-27.731,3.519,267,14,17,,
T,2026-07-24 16:42:14.000,26.41632167,-80.16962167,2.40,6.831,-27.731,3.509,274,14,17,,
T,2026-07-24 16:42:15.000,26.41632167,-80.16965833,2.40,6.831,-27.731,3.512,275,14,17,,
T,2026-07-24 16:42:16.000,26.41632167,-80.16969500,2.40,6.931,-27.731,3.508,270,14,17,,
T,2026-07-24 16:42:17.000,26.41632000,-80.16973333,2.30,6.931,-27.731,3.518,263,14,17,,
T,2026-07-24 16:42:18.000,26.41631167,-80.16977000,2.30,6.930,-27.730,3.518,262,14,17,,
T,2026-07-24 16:42:19.000,26.41630333,-80.16980333,2.30,6.730,-27.730,3.534,261,14,17,,
T,2026-07-24 16:42:20.000,26.41629833,-80.16983833,2.30,6.430,-27.730,3.564,260,14,17,,
T,2026-07-24 16:42:21.000,26.41629000,-80.16987333,2.30,6.230,-27.730,3.568,260,14,17,,
T,2026-07-24 16:42:22.000,26.41628500,-80.16990333,2.30,6.030,-27.730,3.568,257,14,17,,
T,2026-07-24 16:42:23.000,26.41628000,-80.16993667,2.30,6.430,-27.730,3.569,260,14,17,,
T,2026-07-24 16:42:24.000,26.41627833,-80.16996833,2.30,6.630,-27.730,3.545,260,14,17,,
T,2026-07-24 16:42:25.000,26.41627667,-80.17000000,2.30,6.529,-27.729,3.511,267,14,17,,
T,2026-07-24 16:42:26.000,26.41627667,-80.17003333,2.30,6.429,-27.729,3.488,276,14,17,,
T,2026-07-24 16:42:27.000,26.41628167,-80.17006500,2.30,6.529,-27.729,3.454,292,14,17,,
T,2026-07-24 16:42:28.000,26.41629500,-80.17009167,2.30,7.029,-27.729,3.411,312,14,17,,
T,2026-07-24 16:42:29.000,26.41631833,-80.17011333,2.30,6.729,-27.729,3.339,330,14,17,,
T,2026-07-24 16:42:30.000,26.41633667,-80.17012500,2.30,6.129,-27.729,3.245,338,14,17,,
T,2026-07-24 16:42:31.000,26.41635667,-80.17014000,1.90,5.329,-27.729,3.159,342,14,17,,
T,2026-07-24 16:42:32.000,26.41637500,-80.17015167,1.80,4.929,-27.729,3.027,348,14,17,,
T,2026-07-24 16:42:33.000,26.41638833,-80.17015667,1.70,4.429,-27.729,2.849,344,13,17,,
T,2026-07-24 16:42:34.000,26.41640333,-80.17015833,1.60,4.329,-27.729,2.696,351,12,17,,
T,2026-07-24 16:42:35.000,26.41641833,-80.17015833,1.60,4.329,-27.729,2.539,357,13,16,,
T,2026-07-24 16:42:36.000,26.41643500,-80.17015833,1.60,4.029,-27.729,2.373,2,13,16,,
T,2026-07-24 16:42:37.000,26.41645333,-80.17016000,1.60,3.829,-27.729,2.223,356,13,16,,
T,2026-07-24 16:42:38.000,26.41647167,-80.17016167,1.60,3.729,-27.729,2.051,4,13,16,,
T,2026-07-24 16:42:39.000,26.41648667,-80.17015833,1.60,3.629,-27.729,1.902,9,13,16,,
T,2026-07-24 16:42:40.000,26.41650167,-80.17015500,1.60,3.529,-27.729,1.757,4,13,16,,
T,2026-07-24 16:42:41.000,26.41651333,-80.17015500,1.60,3.629,-27.729,1.621,359,13,16,,
T,2026-07-24 16:42:42.000,26.41652667,-80.17015333,1.60,3.729,-27.729,1.528,1,13,16,,
T,2026-07-24 16:42:43.000,26.41653833,-80.17015333,1.60,3.929,-27.729,1.466,7,13,16,,
T,2026-07-24 16:42:44.000,26.41654667,-80.17015000,1.60,3.729,-27.729,1.382,4,13,16,,
T,2026-07-24 16:42:45.000,26.41655333,-80.17014833,1.50,3.629,-27.729,1.272,12,13,16,,
T,2026-07-24 16:42:46.000,26.41655500,-80.17014667,1.50,3.629,-27.729,1.147,16,13,16,,
T,2026-07-24 16:42:47.000,26.41655500,-80.17014500,1.50,3.829,-27.729,0.972,28,13,16,,
T,2026-07-24 16:42:48.000,26.41655500,-80.17014333,1.50,3.929,-27.729,0.820,325,13,16,,
T,2026-07-24 16:42:49.000,26.41655333,-80.17014500,1.40,4.129,-27.729,0.687,356,13,16,,
T,2026-07-24 16:42:50.000,26.41655500,-80.17014667,1.50,4.629,-27.729,0.565,252,13,16,,
T,2026-07-24 16:42:51.000,26.41655667,-80.17014833,1.50,4.929,-27.729,0.440,93,13,16,,
T,2026-07-24 16:42:52.000,26.41655667,-80.17014833,1.40,5.229,-27.729,0.000,,13,16,,
T,2026-07-24 16:42:53.000,26.41655833,-80.17015000,1.50,5.529,-27.729,0.000,,13,16,,
T,2026-07-24 16:42:54.000,26.41656000,-80.17015167,1.50,5.829,-27.729,0.000,,12,16,,
T,2026-07-24 16:42:55.000,26.41656000,-80.17015167,1.40,5.829,-27.729,0.000,,13,16,,
T,2026-07-24 16:42:56.000,26.41656000,-80.17015167,1.40,5.829,-27.729,0.000,,13,16,,
T,2026-07-24 16:42:57.000,26.41656000,-80.17015167,1.40,5.829,-27.729,0.000,,13,16,,
T,2026-07-24 16:42:58.000,26.41656000,-80.17015167,1.40,5.829,-27.729,0.000,,13,16,,
T,2026-07-24 16:42:59.000,26.41656000,-80.17015167,1.40,5.829,-27.729,0.000,,13,16,,
T,2026-07-24 16:43:00.000,26.41656000,-80.17015167,1.40,5.829,-27.729,0.000,,12,16,,
T,2026-07-24 16:43:01.000,26.41656000,-80.17015167,1.40,5.829,-27.729,0.000,,12,16,,
T,2026-07-24 16:43:02.000,26.41656000,-80.17015167,1.40,5.829,-27.729,0.000,,13,16,,
T,2026-07-24 16:43:03.000,26.41656000,-80.17015167,1.40,5.829,-27.729,0.000,,13,16,,
T,2026-07-24 16:43:04.000,26.41656000,-80.17015167,1.40,5.829,-27.729,0.000,,13,16,,
T,2026-07-24 16:43:05.000,26.41656000,-80.17015167,1.40,5.829,-27.729,0.000,,13,16,,
