type,date time,latitude,longitude,accuracy(m),altitude(m),geoid_height(m),speed(m/s),bearing(deg),sat_used,sat_inview,name,desc
W,2026-07-24 15:37:18.000,26.41657500,-80.17014500,1.60,8.229,-27.729,0.130,108,15,19,,Station3
W,2026-07-24 15:41:42.000,26.41624167,-80.16730000,1.60,9.040,-27.740,0.000,,13,19,,Int16
W,2026-07-24 15:42:34.000,26.41535333,-80.16586500,1.50,5.446,-27.746,1.511,119,15,19,,Int17
W,2026-07-24 15:44:30.000,26.41604833,-80.16456500,2.10,15.252,-27.752,0.000,,14,18,,Maintenance
T,2026-07-24 15:37:14.625,26.41659000,-80.17014333,1.90,8.429,-27.729,0.064,157,16,19,20260724-113714,GPS Logger: 20260724-113714 - Station3-Maintenance
T,2026-07-24 15:37:15.625,26.41658500,-80.17014667,1.70,8.429,-27.729,0.034,187,16,19,,
T,2026-07-24 15:37:17.000,26.41657833,-80.17014500,1.70,8.229,-27.729,0.145,144,16,19,,
T,2026-07-24 15:37:18.000,26.41657500,-80.17014500,1.60,8.229,-27.729,0.130,108,15,19,,
T,2026-07-24 15:37:19.000,26.41657333,-80.17014500,1.60,8.129,-27.729,0.063,91,16,19,,
T,2026-07-24 15:37:20.000,26.41657167,-80.17014833,1.60,8.129,-27.729,0.022,89,15,19,,
T,2026-07-24 15:37:21.000,26.41657000,-80.17014833,1.60,8.129,-27.729,0.021,80,15,19,,
T,2026-07-24 15:37:22.000,26.41656833,-80.17014833,1.50,8.129,-27.729,0.057,107,15,19,,
T,2026-07-24 15:37:23.000,26.41656833,-80.17014833,1.50,8.229,-27.729,0.061,150,15,19,,
T,2026-07-24 15:37:24.000,26.41656833,-80.17015000,1.50,8.229,-27.729,0.020,158,15,19,,
T,2026-07-24 15:37:25.000,26.41657000,-80.17015000,1.50,8.229,-27.729,0.012,70,14,19,,
T,2026-07-24 15:37:26.000,26.41657000,-80.17015167,1.50,8.329,-27.729,0.045,179,15,19,,
T,2026-07-24 15:37:27.000,26.41657000,-80.17015333,1.50,8.429,-27.729,0.038,222,15,19,,
T,2026-07-24 15:37:28.000,26.41657167,-80.17015333,1.50,8.529,-27.729,0.036,201,15,19,,
T,2026-07-24 15:37:29.000,26.41657333,-80.17015333,1.50,8.529,-27.729,0.032,147,15,19,,
T,2026-07-24 15:37:30.000,26.41657333,-80.17015500,1.50,8.629,-27.729,0.036,318,15,19,,
T,2026-07-24 15:37:31.000,26.41657500,-80.17015500,1.50,8.729,-27.729,0.041,340,15,19,,
T,2026-07-24 15:37:32.000,26.41657500,-80.17015500,1.50,8.829,-27.729,0.043,157,15,19,,
T,2026-07-24 15:37:33.000,26.41657500,-80.17015500,1.50,8.929,-27.729,0.082,125,15,19,,
T,2026-07-24 15:37:34.000,26.41657333,-80.17015333,1.60,8.929,-27.729,0.096,130,15,19,,
T,2026-07-24 15:37:35.000,26.41657000,-80.17015333,1.60,8.829,-27.729,0.102,327,15,19,,
T,2026-07-24 15:37:36.000,26.41657167,-80.17015500,1.60,8.929,-27.729,0.102,254,15,19,,
T,2026-07-24 15:37:37.000,26.41657000,-80.17015667,1.60,9.129,-27.729,0.113,138,15,19,,
T,2026-07-24 15:37:38.000,26.41657000,-80.17015833,1.60,8.929,-27.729,0.114,20,15,19,,
T,2026-07-24 15:37:39.000,26.41656667,-80.17015667,1.50,8.829,-27.729,0.000,,15,19,,
T,2026-07-24 15:37:40.000,26.41656667,-80.17015667,1.50,9.029,-27.729,0.000,,15,19,,
T,2026-07-24 15:37:41.000,26.41656500,-80.17015500,1.50,8.929,-27.729,0.000,,15,19,,
T,2026-07-24 15:37:42.000,26.41656500,-80.17015500,1.50,8.929,-27.729,0.000,,14,19,,
T,2026-07-24 15:37:43.000,26.41656500,-80.17015500,1.50,8.929,-27.729,0.000,,14,19,,
T,2026-07-24 15:37:44.000,26.41656500,-80.17015500,1.50,8.929,-27.729,0.000,,14,19,,
T,2026-07-24 15:37:45.000,26.41656500,-80.17015500,1.50,8.929,-27.729,0.000,,14,19,,
T,2026-07-24 15:37:46.000,26.41656500,-80.17015500,1.60,8.929,-27.729,0.000,,14,19,,
T,2026-07-24 15:37:47.000,26.41656500,-80.17015500,1.60,8.929,-27.729,0.000,,14,19,,
T,2026-07-24 15:37:48.000,26.41656500,-80.17015500,1.60,8.929,-27.729,0.000,,14,19,,
T,2026-07-24 15:37:49.000,26.41656500,-80.17015500,1.60,8.929,-27.729,0.000,,14,19,,
T,2026-07-24 15:37:50.000,26.41656500,-80.17015500,1.60,8.929,-27.729,0.000,,14,19,,
T,2026-07-24 15:37:51.000,26.41656500,-80.17015500,1.60,8.929,-27.729,0.000,,14,19,,
T,2026-07-24 15:37:52.000,26.41656500,-80.17015500,1.70,8.929,-27.729,0.000,,14,19,,
T,2026-07-24 15:37:53.000,26.41656500,-80.17015500,1.70,8.929,-27.729,0.000,,14,19,,
T,2026-07-24 15:37:54.000,26.41656500,-80.17015500,1.60,8.929,-27.729,0.000,,14,19,,
T,2026-07-24 15:37:55.000,26.41656500,-80.17015500,1.60,8.929,-27.729,0.000,,14,19,,
T,2026-07-24 15:37:56.000,26.41656500,-80.17015500,1.60,8.929,-27.729,0.000,,14,19,,
T,2026-07-24 15:37:57.000,26.41656500,-80.17015500,1.60,8.929,-27.729,0.000,,14,19,,
T,2026-07-24 15:37:58.000,26.41656500,-80.17015500,1.60,8.929,-27.729,0.000,,14,19,,
T,2026-07-24 15:37:59.000,26.41656500,-80.17015500,1.60,8.929,-27.729,0.000,,14,19,,
T,2026-07-24 15:38:00.000,26.41656500,-80.17015500,1.60,8.929,-27.729,0.000,,14,19,,
T,2026-07-24 15:38:01.000,26.41656500,-80.17015500,1.60,8.929,-27.729,0.000,,14,19,,
T,2026-07-24 15:38:02.000,26.41656500,-80.17015500,1.60,8.929,-27.729,0.000,,15,19,,
T,2026-07-24 15:38:03.000,26.41656500,-80.17015500,1.60,8.929,-27.729,0.000,,15,19,,
T,2026-07-24 15:38:04.000,26.41656500,-80.17015500,1.60,8.929,-27.729,0.000,,15,19,,
T,2026-07-24 15:38:05.000,26.41656500,-80.17015500,1.60,8.929,-27.729,0.000,,14,19,,
T,2026-07-24 15:38:06.000,26.41656500,-80.17015500,1.70,8.929,-27.729,0.000,,14,19,,
T,2026-07-24 15:38:07.000,26.41656500,-80.17015500,1.60,8.929,-27.729,0.000,,14,19,,
T,2026-07-24 15:38:08.000,26.41656500,-80.17015500,1.60,8.929,-27.729,0.000,,15,19,,
T,2026-07-24 15:38:09.000,26.41656500,-80.17015500,1.50,8.929,-27.729,0.000,,15,19,,
T,2026-07-24 15:38:10.000,26.41656500,-80.17015500,1.50,8.929,-27.729,0.000,,15,19,,
T,2026-07-24 15:38:11.000,26.41656500,-80.17015500,1.50,8.929,-27.729,0.000,,13,19,,
T,2026-07-24 15:38:12.000,26.41656500,-80.17015500,1.50,8.929,-27.729,0.000,,13,19,,
T,2026-07-24 15:38:13.000,26.41656500,-80.17015500,1.60,8.929,-27.729,0.000,,13,19,,
T,2026-07-24 15:38:14.000,26.41656500,-80.17015500,1.60,8.929,-27.729,0.000,,15,19,,
T,2026-07-24 15:38:15.000,26.41656500,-80.17015500,1.60,8.929,-27.729,0.000,,15,19,,
T,2026-07-24 15:38:16.000,26.41656500,-80.17015500,1.60,8.929,-27.729,0.000,,15,19,,
T,2026-07-24 15:38:17.000,26.41656500,-80.17015500,1.60,8.929,-27.729,0.000,,15,19,,
T,2026-07-24 15:38:18.000,26.41656500,-80.17015500,1.60,8.929,-27.729,0.000,,15,19,,
T,2026-07-24 15:38:19.000,26.41656500,-80.17015500,1.50,8.929,-27.729,0.000,,15,19,,
T,2026-07-24 15:38:20.000,26.41656500,-80.17015500,1.50,8.929,-27.729,0.000,,15,19,,
T,2026-07-24 15:38:21.000,26.41656500,-80.17015500,1.50,8.929,-27.729,0.000,,15,19,,
T,2026-07-24 15:38:22.000,26.41656500,-80.17015500,1.50,8.929,-27.729,0.000,,15,19,,
T,2026-07-24 15:38:23.000,26.41656500,-80.17015500,1.50,8.929,-27.729,0.000,,14,19,,
T,2026-07-24 15:38:24.000,26.41656500,-80.17015500,1.60,8.929,-27.729,0.000,,14,19,,
T,2026-07-24 15:38:25.000,26.41656500,-80.17015500,1.60,8.929,-27.729,0.000,,14,19,,
T,2026-07-24 15:38:26.000,26.41656500,-80.17015500,1.50,8.929,-27.729,0.000,,14,19,,
T,2026-07-24 15:38:27.000,26.41656500,-80.17015500,1.50,8.929,-27.729,0.000,,14,19,,
T,2026-07-24 15:38:28.000,26.41656500,-80.17015500,1.50,8.929,-27.729,0.000,,13,19,,
T,2026-07-24 15:38:29.000,26.41656500,-80.17015500,1.50,8.929,-27.729,0.000,,13,19,,
T,2026-07-24 15:38:30.000,26.41656500,-80.17015500,1.50,8.929,-27.729,0.000,,13,19,,
T,2026-07-24 15:38:31.000,26.41656500,-80.17015500,1.50,8.929,-27.729,0.000,,14,19,,
T,2026-07-24 15:38:32.000,26.41656500,-80.17015500,1.50,8.929,-27.729,0.000,,14,19,,
T,2026-07-24 15:38:33.000,26.41656500,-80.17015500,1.60,8.929,-27.729,0.000,,14,19,,
T,2026-07-24 15:38:34.000,26.41656500,-80.17015500,1.60,8.929,-27.729,0.000,,14,19,,
T,2026-07-24 15:38:35.000,26.41656500,-80.17015500,1.70,8.929,-27.729,0.000,,14,19,,
T,2026-07-24 15:38:36.000,26.41656500,-80.17015500,1.70,8.929,-27.729,0.000,,14,19,,
T,2026-07-24 15:38:37.000,26.41656500,-80.17015500,1.80,8.929,-27.729,0.000,,14,19,,
T,2026-07-24 15:38:38.000,26.41656500,-80.17015500,1.80,8.929,-27.729,0.000,,14,19,,
T,2026-07-24 15:38:39.000,26.41656500,-80.17015500,1.90,8.929,-27.729,0.000,,14,19,,
T,2026-07-24 15:38:40.000,26.41656500,-80.17015500,1.90,8.929,-27.729,0.000,,14,19,,
T,2026-07-24 15:38:41.000,26.41656500,-80.17015500,1.90,8.929,-27.729,0.000,,14,19,,
T,2026-07-24 15:38:42.000,26.41656500,-80.17015500,1.80,8.929,-27.729,0.000,,14,19,,
T,2026-07-24 15:38:43.000,26.41656500,-80.17015500,1.80,8.929,-27.729,0.000,,13,19,,
T,2026-07-24 15:38:44.000,26.41658167,-80.17012667,1.70,3.729,-27.729,0.353,18,14,19,,
T,2026-07-24 15:38:45.000,26.41660000,-80.17011000,1.80,3.629,-27.729,0.614,52,14,19,,
T,2026-07-24 15:38:46.000,26.41661167,-80.17008500,1.80,3.429,-27.729,0.891,74,14,19,,
T,2026-07-24 15:38:47.000,26.41660833,-80.17004833,1.90,3.029,-27.729,1.239,90,14,19,,
T,2026-07-24 15:38:48.000,26.41660500,-80.17001167,1.90,3.330,-27.730,1.622,89,14,19,,
T,2026-07-24 15:38:49.000,26.41658000,-80.16998333,2.10,3.530,-27.730,2.014,142,14,19,,
T,2026-07-24 15:38:50.000,26.41655500,-80.16996167,2.20,3.630,-27.730,2.358,144,14,19,,
T,2026-07-24 15:38:51.000,26.41652500,-80.16996167,2.30,3.530,-27.730,2.658,181,14,19,,
T,2026-07-24 15:38:52.000,26.41649833,-80.16996833,2.30,3.930,-27.730,2.933,192,15,19,,
T,2026-07-24 15:38:53.000,26.41648000,-80.16999667,2.30,4.030,-27.730,3.180,242,15,19,,
T,2026-07-24 15:38:54.000,26.41647000,-80.17002667,2.30,4.729,-27.729,3.280,253,15,19,,
T,2026-07-24 15:38:55.000,26.41647167,-80.17006000,2.30,5.329,-27.729,3.303,268,15,19,,
T,2026-07-24 15:38:56.000,26.41647333,-80.17010000,2.10,6.529,-27.729,3.302,266,15,19,,
T,2026-07-24 15:38:57.000,26.41646333,-80.17013500,1.90,7.329,-27.729,3.240,259,15,19,,
T,2026-07-24 15:38:58.000,26.41644833,-80.17015000,1.90,7.029,-27.729,3.077,238,15,19,,
T,2026-07-24 15:38:59.000,26.41643167,-80.17015500,1.80,6.629,-27.729,2.897,213,15,19,,
T,2026-07-24 15:39:00.000,26.41641167,-80.17014833,1.80,6.729,-27.729,2.775,182,15,19,,
T,2026-07-24 15:39:01.000,26.41639167,-80.17014500,1.70,6.629,-27.729,2.691,171,15,19,,
T,2026-07-24 15:39:02.000,26.41637333,-80.17014000,1.80,5.829,-27.729,2.544,162,15,19,,
T,2026-07-24 15:39:03.000,26.41636333,-80.17013333,1.70,5.329,-27.729,2.358,149,15,19,,
T,2026-07-24 15:39:04.000,26.41635500,-80.17012167,1.80,5.229,-27.729,2.172,139,15,19,,
T,2026-07-24 15:39:05.000,26.41634667,-80.17012167,1.80,5.229,-27.729,1.939,166,14,19,,
T,2026-07-24 15:39:06.000,26.41633500,-80.17012000,1.70,5.229,-27.729,1.757,160,14,19,,
T,2026-07-24 15:39:07.000,26.41632500,-80.17011667,1.70,5.029,-27.729,1.567,165,14,19,,
T,2026-07-24 15:39:08.000,26.41631667,-80.17011500,1.70,4.729,-27.729,1.385,169,14,19,,
T,2026-07-24 15:39:09.000,26.41631500,-80.17011333,1.70,4.529,-27.729,1.197,174,15,19,,
T,2026-07-24 15:39:10.000,26.41631000,-80.17011167,1.70,4.329,-27.729,1.000,184,15,19,,
T,2026-07-24 15:39:11.000,26.41631167,-80.17011167,1.70,4.229,-27.729,0.776,99,13,19,,
T,2026-07-24 15:39:12.000,26.41631333,-80.17011000,1.60,4.229,-27.729,0.628,59,13,19,,
T,2026-07-24 15:39:13.000,26.41631333,-80.17010667,1.60,4.429,-27.729,0.509,248,13,19,,
T,2026-07-24 15:39:14.000,26.41631333,-80.17010667,1.50,4.629,-27.729,0.428,241,14,19,,
T,2026-07-24 15:39:15.000,26.41631333,-80.17010833,1.50,4.629,-27.729,0.000,,14,19,,
T,2026-07-24 15:39:16.000,26.41631333,-80.17010833,1.50,4.729,-27.729,0.000,,14,19,,
T,2026-07-24 15:39:17.000,26.41630500,-80.17010500,1.50,4.729,-27.729,0.286,166,14,19,,
T,2026-07-24 15:39:18.000,26.41629167,-80.17009167,1.60,4.729,-27.729,0.473,134,14,19,,
T,2026-07-24 15:39:19.000,26.41627000,-80.17006500,1.70,5.029,-27.729,0.748,114,14,19,,
T,2026-07-24 15:39:20.000,26.41626000,-80.17002333,1.80,4.629,-27.729,1.103,100,14,19,,
T,2026-07-24 15:39:21.000,26.41625500,-80.16998333,2.10,4.329,-27.729,1.529,90,14,19,,
T,2026-07-24 15:39:22.000,26.41626167,-80.16993333,2.20,4.130,-27.730,2.015,79,14,19,,
T,2026-07-24 15:39:23.000,26.41627000,-80.16988167,2.30,3.730,-27.730,2.538,80,14,19,,
T,2026-07-24 15:39:24.000,26.41628000,-80.16983000,2.40,3.330,-27.730,3.055,76,14,19,,
T,2026-07-24 15:39:25.000,26.41629000,-80.16978000,2.40,2.830,-27.730,3.553,77,14,19,,
T,2026-07-24 15:39:26.000,26.41629833,-80.16973000,2.50,2.631,-27.731,3.988,79,14,19,,
T,2026-07-24 15:39:27.000,26.41630000,-80.16968500,2.50,2.231,-27.731,4.376,88,14,19,,
T,2026-07-24 15:39:28.000,26.41630667,-80.16964333,2.50,2.131,-27.731,4.567,87,14,19,,
T,2026-07-24 15:39:29.000,26.41630667,-80.16960167,2.50,2.031,-27.731,4.664,90,14,19,,
T,2026-07-24 15:39:30.000,26.41631167,-80.16956500,2.50,2.531,-27.731,4.650,87,14,20,,
T,2026-07-24 15:39:31.000,26.41631500,-80.16953167,2.40,2.531,-27.731,4.530,91,15,20,,
T,2026-07-24 15:39:32.000,26.41631667,-80.16950500,2.40,2.531,-27.731,4.276,90,15,20,,
T,2026-07-24 15:39:33.000,26.41631500,-80.16948500,2.30,2.432,-27.732,3.936,87,15,20,,
T,2026-07-24 15:39:34.000,26.41631500,-80.16947167,2.10,2.532,-27.732,3.585,91,15,20,,
T,2026-07-24 15:39:35.000,26.41631333,-80.16945833,1.90,2.632,-27.732,3.225,90,15,20,,
T,2026-07-24 15:39:36.000,26.41631333,-80.16944333,1.80,2.232,-27.732,2.850,94,15,20,,
T,2026-07-24 15:39:37.000,26.41631333,-80.16943667,1.80,2.032,-27.732,2.437,88,15,20,,
T,2026-07-24 15:39:38.000,26.41631500,-80.16943500,1.70,2.032,-27.732,2.032,87,15,20,,
T,2026-07-24 15:39:39.000,26.41631667,-80.16943333,1.60,2.632,-27.732,1.635,24,15,20,,
T,2026-07-24 15:39:40.000,26.41631667,-80.16943167,1.70,2.532,-27.732,1.273,191,15,20,,
T,2026-07-24 15:39:41.000,26.41631833,-80.16943000,1.60,2.632,-27.732,0.965,132,15,20,,
T,2026-07-24 15:39:42.000,26.41631833,-80.16942833,1.50,2.832,-27.732,0.726,13,15,20,,
T,2026-07-24 15:39:43.000,26.41631667,-80.16942667,1.50,3.032,-27.732,0.537,79,15,20,,
T,2026-07-24 15:39:44.000,26.41631667,-80.16942500,1.50,3.232,-27.732,0.000,,15,20,,
T,2026-07-24 15:39:45.000,26.41631667,-80.16942167,1.50,3.332,-27.732,0.000,,16,20,,
T,2026-07-24 15:39:46.000,26.41631833,-80.16942000,1.50,3.432,-27.732,0.000,,16,20,,
T,2026-07-24 15:39:47.000,26.41631833,-80.16942000,1.40,3.432,-27.732,0.000,,16,20,,
T,2026-07-24 15:39:48.000,26.41631833,-80.16942000,1.40,3.432,-27.732,0.000,,16,20,,
T,2026-07-24 15:39:49.000,26.41631833,-80.16942000,1.40,3.432,-27.732,0.000,,16,20,,
T,2026-07-24 15:39:50.000,26.41631833,-80.16942000,1.40,3.432,-27.732,0.000,,16,20,,
T,2026-07-24 15:39:51.000,26.41631833,-80.16942000,1.40,3.432,-27.732,0.000,,16,20,,
T,2026-07-24 15:39:52.000,26.41631833,-80.16942000,1.40,3.432,-27.732,0.000,,16,20,,
T,2026-07-24 15:39:53.000,26.41631833,-80.16942000,1.40,3.432,-27.732,0.000,,16,20,,
T,2026-07-24 15:39:54.000,26.41631833,-80.16942000,1.40,3.432,-27.732,0.000,,16,20,,
T,2026-07-24 15:39:55.000,26.41631833,-80.16942000,1.40,3.432,-27.732,0.000,,16,20,,
T,2026-07-24 15:39:56.000,26.41631833,-80.16942000,1.40,3.432,-27.732,0.000,,16,20,,
T,2026-07-24 15:39:57.000,26.41631833,-80.16942000,1.40,3.432,-27.732,0.000,,16,20,,
T,2026-07-24 15:39:58.000,26.41631833,-80.16942000,1.40,3.432,-27.732,0.000,,16,20,,
T,2026-07-24 15:39:59.000,26.41631833,-80.16942000,1.40,3.432,-27.732,0.000,,16,20,,
T,2026-07-24 15:40:00.000,26.41631833,-80.16942000,1.40,3.432,-27.732,0.000,,16,20,,
T,2026-07-24 15:40:01.000,26.41631833,-80.16942000,1.40,3.432,-27.732,0.000,,16,20,,
T,2026-07-24 15:40:02.000,26.41631833,-80.16942000,1.50,3.432,-27.732,0.000,,16,20,,
T,2026-07-24 15:40:03.000,26.41631833,-80.16942000,1.50,3.432,-27.732,0.000,,16,20,,
T,2026-07-24 15:40:04.000,26.41631833,-80.16942000,1.50,3.432,-27.732,0.000,,16,20,,
T,2026-07-24 15:40:05.000,26.41631833,-80.16942000,1.50,3.432,-27.732,0.000,,16,20,,
T,2026-07-24 15:40:06.000,26.41631833,-80.16942000,1.50,3.432,-27.732,0.000,,16,20,,
T,2026-07-24 15:40:07.000,26.41631833,-80.16942000,1.50,3.432,-27.732,0.000,,16,20,,
T,2026-07-24 15:40:08.000,26.41631833,-80.16942000,1.50,3.432,-27.732,0.000,,15,20,,
T,2026-07-24 15:40:09.000,26.41631833,-80.16942000,1.50,3.432,-27.732,0.000,,15,20,,
T,2026-07-24 15:40:10.000,26.41631833,-80.16942000,1.50,3.432,-27.732,0.000,,14,20,,
T,2026-07-24 15:40:11.000,26.41631833,-80.16942000,1.50,3.432,-27.732,0.000,,14,19,,
T,2026-07-24 15:40:12.000,26.41631833,-80.16942000,1.50,3.432,-27.732,0.000,,13,19,,
T,2026-07-24 15:40:13.000,26.41631833,-80.16942000,1.60,3.432,-27.732,0.000,,13,19,,
T,2026-07-24 15:40:14.000,26.41631833,-80.16942000,1.60,3.432,-27.732,0.000,,14,19,,
T,2026-07-24 15:40:15.000,26.41631833,-80.16942000,1.60,3.432,-27.732,0.000,,14,19,,
T,2026-07-24 15:40:16.000,26.41631833,-80.16942000,1.60,3.432,-27.732,0.000,,14,19,,
T,2026-07-24 15:40:17.000,26.41631833,-80.16942000,1.60,3.432,-27.732,0.000,,14,19,,
T,2026-07-24 15:40:18.000,26.41631833,-80.16942000,1.60,3.432,-27.732,0.000,,14,19,,
T,2026-07-24 15:40:19.000,26.41631833,-80.16942000,1.60,3.432,-27.732,0.000,,13,19,,
T,2026-07-24 15:40:20.000,26.41631833,-80.16942000,1.50,3.432,-27.732,0.000,,13,19,,
T,2026-07-24 15:40:21.000,26.41631833,-80.16942000,1.50,3.432,-27.732,0.000,,13,19,,
T,2026-07-24 15:40:22.000,26.41631833,-80.16942000,1.50,3.432,-27.732,0.000,,13,19,,
T,2026-07-24 15:40:23.000,26.41631833,-80.16942000,1.50,3.432,-27.732,0.000,,13,19,,
T,2026-07-24 15:40:24.000,26.41631833,-80.16942000,1.50,3.432,-27.732,0.000,,13,19,,
T,2026-07-24 15:40:25.000,26.41631833,-80.16942000,1.50,3.432,-27.732,0.000,,13,19,,
T,2026-07-24 15:40:26.000,26.41631833,-80.16942000,1.50,3.432,-27.732,0.000,,14,19,,
T,2026-07-24 15:40:27.000,26.41631833,-80.16942000,1.50,3.432,-27.732,0.000,,14,19,,
T,2026-07-24 15:40:28.000,26.41631833,-80.16942000,1.50,3.432,-27.732,0.000,,14,19,,
T,2026-07-24 15:40:29.000,26.41631833,-80.16942000,1.50,3.432,-27.732,0.000,,14,19,,
T,2026-07-24 15:40:30.000,26.41631833,-80.16942000,1.50,3.432,-27.732,0.000,,14,19,,
T,2026-07-24 15:40:31.000,26.41631833,-80.16942000,1.50,3.432,-27.732,0.000,,14,19,,
T,2026-07-24 15:40:32.000,26.41631833,-80.16942000,1.50,3.432,-27.732,0.000,,14,19,,
T,2026-07-24 15:40:33.000,26.41633000,-80.16938667,1.50,8.132,-27.732,0.312,95,14,19,,
T,2026-07-24 15:40:34.000,26.41632500,-80.16936000,1.70,8.032,-27.732,0.569,99,14,19,,
T,2026-07-24 15:40:35.000,26.41632000,-80.16933000,1.80,8.032,-27.732,0.881,98,14,19,,
T,2026-07-24 15:40:36.000,26.41631333,-80.16929667,1.80,7.932,-27.732,1.229,102,14,19,,
T,2026-07-24 15:40:37.000,26.41630667,-80.16926000,2.00,8.032,-27.732,1.580,102,14,19,,
T,2026-07-24 15:40:38.000,26.41630167,-80.16922667,2.20,8.333,-27.733,1.915,100,14,19,,
T,2026-07-24 15:40:39.000,26.41629833,-80.16919167,2.30,8.233,-27.733,2.253,97,14,19,,
T,2026-07-24 15:40:40.000,26.41629333,-80.16915500,2.30,8.333,-27.733,2.599,95,14,19,,
T,2026-07-24 15:40:41.000,26.41628833,-80.16911667,2.30,8.333,-27.733,2.968,93,14,19,,
T,2026-07-24 15:40:42.000,26.41628167,-80.16907667,2.40,8.233,-27.733,3.324,96,14,19,,
T,2026-07-24 15:40:43.000,26.41627500,-80.16903667,2.40,7.833,-27.733,3.599,94,14,19,,
T,2026-07-24 15:40:44.000,26.41627000,-80.16899667,2.40,7.534,-27.734,3.772,89,14,19,,
T,2026-07-24 15:40:45.000,26.41626833,-80.16895667,2.40,7.234,-27.734,3.912,94,14,19,,
T,2026-07-24 15:40:46.000,26.41626667,-80.16891500,2.50,7.334,-27.734,3.987,88,14,19,,
T,2026-07-24 15:40:47.000,26.41626667,-80.16887167,2.50,7.534,-27.734,4.069,88,14,19,,
T,2026-07-24 15:40:48.000,26.41626833,-80.16882667,2.60,7.534,-27.734,4.188,91,14,19,,
T,2026-07-24 15:40:49.000,26.41626333,-80.16878500,2.50,6.934,-27.734,4.313,100,14,19,,
T,2026-07-24 15:40:50.000,26.41625833,-80.16874000,2.50,6.835,-27.735,4.390,104,14,19,,
T,2026-07-24 15:40:51.000,26.41624667,-80.16870167,2.50,6.335,-27.735,4.370,109,15,19,,
T,2026-07-24 15:40:52.000,26.41623500,-80.16867500,2.10,4.935,-27.735,4.317,111,15,19,,
T,2026-07-24 15:40:53.000,26.41623000,-80.16864167,1.90,4.535,-27.735,4.231,95,15,19,,
T,2026-07-24 15:40:54.000,26.41622500,-80.16860500,1.90,4.635,-27.735,4.172,96,15,19,,
T,2026-07-24 15:40:55.000,26.41622667,-80.16856333,1.90,3.935,-27.735,4.132,90,15,19,,
T,2026-07-24 15:40:56.000,26.41622833,-80.16852167,1.90,3.935,-27.735,4.117,86,15,19,,
T,2026-07-24 15:40:57.000,26.41622833,-80.16848167,1.80,4.336,-27.736,4.111,86,15,19,,
T,2026-07-24 15:40:58.000,26.41623000,-80.16843833,1.90,4.336,-27.736,4.083,89,15,19,,
T,2026-07-24 15:40:59.000,26.41623500,-80.16839667,1.90,4.336,-27.736,4.050,91,15,19,,
T,2026-07-24 15:41:00.000,26.41623500,-80.16835333,1.90,4.336,-27.736,4.067,91,15,19,,
T,2026-07-24 15:41:01.000,26.41623333,-80.16830833,1.90,4.536,-27.736,4.136,93,15,19,,
T,2026-07-24 15:41:02.000,26.41623167,-80.16826167,1.90,4.437,-27.737,4.223,85,14,19,,
T,2026-07-24 15:41:03.000,26.41623667,-80.16821167,1.80,3.937,-27.737,4.358,79,14,19,,
T,2026-07-24 15:41:04.000,26.41624833,-80.16817000,1.90,4.337,-27.737,4.405,71,14,19,,
T,2026-07-24 15:41:05.000,26.41626667,-80.16812833,1.80,5.137,-27.737,4.343,67,14,19,,
T,2026-07-24 15:41:06.000,26.41628333,-80.16809500,1.80,5.337,-27.737,4.260,64,14,19,,
T,2026-07-24 15:41:07.000,26.41629833,-80.16806667,1.80,4.937,-27.737,4.197,63,15,19,,
T,2026-07-24 15:41:08.000,26.41631667,-80.16803500,1.80,5.137,-27.737,4.117,65,15,19,,
T,2026-07-24 15:41:09.000,26.41633000,-80.16800667,1.80,5.538,-27.738,4.080,60,14,19,,
T,2026-07-24 15:41:10.000,26.41635000,-80.16797667,1.90,6.338,-27.738,3.905,59,15,19,,
T,2026-07-24 15:41:11.000,26.41636667,-80.16795167,2.00,6.538,-27.738,3.784,53,15,19,,
T,2026-07-24 15:41:12.000,26.41638667,-80.16792333,1.90,6.538,-27.738,3.725,59,15,19,,
T,2026-07-24 15:41:13.000,26.41641167,-80.16788667,2.10,6.538,-27.738,3.715,52,15,19,,
T,2026-07-24 15:41:14.000,26.41644000,-80.16785000,2.30,6.438,-27.738,3.767,50,15,19,,
T,2026-07-24 15:41:15.000,26.41647000,-80.16781000,2.40,6.539,-27.739,3.990,46,15,19,,
T,2026-07-24 15:41:16.000,26.41650333,-80.16777000,2.40,6.639,-27.739,4.158,48,15,19,,
T,2026-07-24 15:41:17.000,26.41653333,-80.16773500,2.50,6.439,-27.739,4.269,44,15,19,,
T,2026-07-24 15:41:18.000,26.41656333,-80.16770500,2.50,6.439,-27.739,4.345,41,15,19,,
T,2026-07-24 15:41:19.000,26.41659000,-80.16767667,2.40,6.439,-27.739,4.398,40,15,19,,
T,2026-07-24 15:41:20.000,26.41661667,-80.16764500,2.50,6.439,-27.739,4.579,45,15,19,,
T,2026-07-24 15:41:21.000,26.41662333,-80.16760833,2.50,6.539,-27.739,4.619,76,15,19,,
T,2026-07-24 15:41:22.000,26.41662333,-80.16757333,2.50,6.440,-27.740,4.599,90,15,19,,
T,2026-07-24 15:41:23.000,26.41660667,-80.16754833,2.50,6.640,-27.740,4.420,129,15,19,,
T,2026-07-24 15:41:24.000,26.41658667,-80.16752833,2.50,6.340,-27.740,4.234,141,15,19,,
T,2026-07-24 15:41:25.000,26.41655500,-80.16751167,2.10,5.840,-27.740,3.993,155,15,19,,
T,2026-07-24 15:41:26.000,26.41652167,-80.16749667,2.00,5.740,-27.740,3.894,161,15,19,,
T,2026-07-24 15:41:27.000,26.41648833,-80.16748167,2.20,5.740,-27.740,3.820,155,15,19,,
T,2026-07-24 15:41:28.000,26.41645333,-80.16746333,2.30,5.840,-27.740,3.862,154,15,19,,
T,2026-07-24 15:41:29.000,26.41642000,-80.16744333,2.40,6.240,-27.740,3.849,154,15,19,,
T,2026-07-24 15:41:30.000,26.41638833,-80.16742000,2.40,6.740,-27.740,3.856,150,15,19,,
T,2026-07-24 15:41:31.000,26.41635500,-80.16739833,2.40,7.540,-27.740,3.915,157,15,19,,
T,2026-07-24 15:41:32.000,26.41632000,-80.16737833,2.50,7.840,-27.740,3.984,160,15,19,,
T,2026-07-24 15:41:33.000,26.41629000,-80.16735333,2.50,8.240,-27.740,4.040,160,15,19,,
T,2026-07-24 15:41:34.000,26.41626167,-80.16733500,2.40,8.440,-27.740,4.070,148,15,19,,
T,2026-07-24 15:41:35.000,26.41624667,-80.16732000,2.40,8.540,-27.740,3.838,125,15,19,,
T,2026-07-24 15:41:36.000,26.41624167,-80.16731000,2.30,9.240,-27.740,0.000,,15,19,,
T,2026-07-24 15:41:37.000,26.41624333,-80.16730333,2.00,9.340,-27.740,0.000,,15,19,,
T,2026-07-24 15:41:38.000,26.41624167,-80.16730000,1.90,9.040,-27.740,0.000,,14,19,,
T,2026-07-24 15:41:39.000,26.41624167,-80.16730000,1.80,9.040,-27.740,0.000,,14,19,,
T,2026-07-24 15:41:40.000,26.41624167,-80.16730000,1.70,9.040,-27.740,0.000,,14,19,,
T,2026-07-24 15:41:41.000,26.41624167,-80.16730000,1.70,9.040,-27.740,0.000,,14,19,,
T,2026-07-24 15:41:42.000,26.41624167,-80.16730000,1.60,9.040,-27.740,0.000,,13,19,,
T,2026-07-24 15:41:43.000,26.41624167,-80.16730000,1.60,9.040,-27.740,0.000,,14,19,,
T,2026-07-24 15:41:44.000,26.41624167,-80.16730000,1.60,9.040,-27.740,0.000,,14,19,,
T,2026-07-24 15:41:45.000,26.41624167,-80.16730000,1.60,9.040,-27.740,0.000,,14,19,,
T,2026-07-24 15:41:46.000,26.41624167,-80.16730000,1.60,9.040,-27.740,0.000,,13,19,,
T,2026-07-24 15:41:47.000,26.41624167,-80.16730000,1.50,9.040,-27.740,0.000,,13,19,,
T,2026-07-24 15:41:48.000,26.41624167,-80.16730000,1.50,9.040,-27.740,0.000,,13,19,,
T,2026-07-24 15:41:49.000,26.41624167,-80.16730000,1.50,9.040,-27.740,0.000,,14,19,,
T,2026-07-24 15:41:50.000,26.41624167,-80.16730000,1.50,9.040,-27.740,0.000,,14,19,,
T,2026-07-24 15:41:51.000,26.41624167,-80.16730000,1.50,9.040,-27.740,0.000,,14,19,,
T,2026-07-24 15:41:52.000,26.41624167,-80.16730000,1.50,9.040,-27.740,0.000,,14,19,,
T,2026-07-24 15:41:53.000,26.41624167,-80.16730000,1.50,9.040,-27.740,0.000,,14,19,,
T,2026-07-24 15:41:54.000,26.41622167,-80.16729167,1.60,7.741,-27.741,0.399,139,15,19,,
T,2026-07-24 15:41:55.000,26.41620833,-80.16726833,1.70,8.341,-27.741,0.617,134,15,19,,
T,2026-07-24 15:41:56.000,26.41619333,-80.16724667,1.70,8.941,-27.741,0.867,137,15,19,,
T,2026-07-24 15:41:57.000,26.41617500,-80.16722667,1.70,9.141,-27.741,1.167,130,15,19,,
T,2026-07-24 15:41:58.000,26.41615667,-80.16720333,1.80,9.141,-27.741,1.447,125,15,19,,
T,2026-07-24 15:41:59.000,26.41613667,-80.16717167,2.00,9.441,-27.741,1.789,120,15,19,,
T,2026-07-24 15:42:00.000,26.41610667,-80.16713000,1.90,10.341,-27.741,2.207,125,15,19,,
T,2026-07-24 15:42:01.000,26.41608167,-80.16709667,2.10,10.441,-27.741,2.615,137,15,19,,
T,2026-07-24 15:42:02.000,26.41605333,-80.16707167,2.30,10.641,-27.741,2.983,140,15,19,,
T,2026-07-24 15:42:03.000,26.41602667,-80.16704500,2.40,10.841,-27.741,3.288,141,15,19,,
T,2026-07-24 15:42:04.000,26.41599833,-80.16701833,2.50,10.942,-27.742,3.510,140,15,19,,
T,2026-07-24 15:42:05.000,26.41596167,-80.16699167,2.50,11.142,-27.742,3.757,145,15,19,,
T,2026-07-24 15:42:06.000,26.41592833,-80.16696000,2.50,11.142,-27.742,4.022,145,15,19,,
T,2026-07-24 15:42:07.000,26.41589667,-80.16691833,2.50,11.142,-27.742,4.251,137,15,19,,
T,2026-07-24 15:42:08.000,26.41586333,-80.16687667,2.50,10.942,-27.742,4.551,132,15,19,,
T,2026-07-24 15:42:09.000,26.41583333,-80.16682833,2.50,10.542,-27.742,4.802,129,15,19,,
T,2026-07-24 15:42:10.000,26.41580167,-80.16678167,2.50,9.442,-27.742,5.007,129,15,19,,
T,2026-07-24 15:42:11.000,26.41577333,-80.16673167,2.50,8.043,-27.743,5.216,123,15,19,,
T,2026-07-24 15:42:12.000,26.41574500,-80.16667833,2.50,7.543,-27.743,5.436,121,15,19,,
T,2026-07-24 15:42:13.000,26.41571833,-80.16662167,2.50,6.843,-27.743,5.683,120,15,19,,
T,2026-07-24 15:42:14.000,26.41569167,-80.16656333,2.50,6.543,-27.743,5.868,118,15,19,,
T,2026-07-24 15:42:15.000,26.41566333,-80.16650500,2.50,6.243,-27.743,6.064,118,15,19,,
T,2026-07-24 15:42:16.000,26.41563833,-80.16644667,2.60,5.844,-27.744,6.188,116,15,19,,
T,2026-07-24 15:42:17.000,26.41561000,-80.16639000,2.50,5.344,-27.744,6.309,116,15,19,,
T,2026-07-24 15:42:18.000,26.41558167,-80.16633333,2.50,4.944,-27.744,6.374,117,15,19,,
T,2026-07-24 15:42:19.000,26.41555500,-80.16627500,2.60,4.544,-27.744,6.422,119,15,19,,
T,2026-07-24 15:42:20.000,26.41552667,-80.16621667,2.60,4.145,-27.745,6.419,116,15,19,,
T,2026-07-24 15:42:21.000,26.41550167,-80.16616167,2.60,3.945,-27.745,6.393,118,15,19,,
T,2026-07-24 15:42:22.000,26.41547500,-80.16611000,2.50,4.045,-27.745,6.344,121,15,19,,
T,2026-07-24 15:42:23.000,26.41545333,-80.16606167,2.50,3.745,-27.745,6.233,120,15,19,,
T,2026-07-24 15:42:24.000,26.41543000,-80.16601500,2.50,3.245,-27.745,6.087,119,15,19,,
T,2026-07-24 15:42:25.000,26.41541500,-80.16597833,2.50,3.245,-27.745,5.814,116,15,19,,
T,2026-07-24 15:42:26.000,26.41540167,-80.16594667,2.40,2.746,-27.746,5.498,127,15,19,,
T,2026-07-24 15:42:27.000,26.41539000,-80.16592667,2.40,3.346,-27.746,5.121,140,15,19,,
T,2026-07-24 15:42:28.000,26.41537500,-80.16591167,2.40,3.546,-27.746,4.686,135,15,19,,
T,2026-07-24 15:42:29.000,26.41536333,-80.16589667,2.00,4.546,-27.746,4.212,129,15,19,,
T,2026-07-24 15:42:30.000,26.41535500,-80.16588667,1.80,4.946,-27.746,3.676,125,15,19,,
T,2026-07-24 15:42:31.000,26.41535167,-80.16587833,1.70,5.346,-27.746,3.107,148,15,19,,
T,2026-07-24 15:42:32.000,26.41535000,-80.16587333,1.70,5.546,-27.746,2.539,62,15,19,,
T,2026-07-24 15:42:33.000,26.41535167,-80.16586833,1.50,5.446,-27.746,2.008,66,15,19,,
T,2026-07-24 15:42:34.000,26.41535333,-80.16586500,1.50,5.446,-27.746,1.511,119,15,19,,
T,2026-07-24 15:42:35.000,26.41535500,-80.16586333,1.40,5.546,-27.746,1.122,51,15,19,,
T,2026-07-24 15:42:36.000,26.41535500,-80.16586167,1.40,5.746,-27.746,0.800,210,15,19,,
T,2026-07-24 15:42:37.000,26.41535333,-80.16586000,1.40,5.946,-27.746,0.527,310,15,19,,
T,2026-07-24 15:42:38.000,26.41535500,-80.16585833,1.40,6.046,-27.746,0.000,,15,19,,
T,2026-07-24 15:42:39.000,26.41535500,-80.16585833,1.40,6.146,-27.746,0.000,,15,19,,
T,2026-07-24 15:42:40.000,26.41535500,-80.16585667,1.40,6.246,-27.746,0.000,,15,19,,
T,2026-07-24 15:42:41.000,26.41535500,-80.16585667,1.30,6.246,-27.746,0.000,,15,19,,
T,2026-07-24 15:42:42.000,26.41535500,-80.16585667,1.30,6.246,-27.746,0.000,,15,19,,
T,2026-07-24 15:42:43.000,26.41534333,-80.16583833,1.40,6.846,-27.746,0.393,128,14,19,,
T,2026-07-24 15:42:44.000,26.41532167,-80.16581333,1.70,6.746,-27.746,0.779,126,15,19,,
T,2026-07-24 15:42:45.000,26.41530000,-80.16578333,2.00,6.746,-27.746,1.156,128,14,19,,
T,2026-07-24 15:42:46.000,26.41527833,-80.16575333,2.10,6.746,-27.746,1.554,128,15,19,,
T,2026-07-24 15:42:47.000,26.41526167,-80.16572667,2.20,6.646,-27.746,1.870,121,15,19,,
T,2026-07-24 15:42:48.000,26.41524833,-80.16570667,2.20,6.746,-27.746,2.111,114,15,19,,
T,2026-07-24 15:42:49.000,26.41524000,-80.16568667,2.30,6.947,-27.747,2.379,111,15,19,,
T,2026-07-24 15:42:50.000,26.41523167,-80.16565833,2.00,6.547,-27.747,2.714,112,15,19,,
T,2026-07-24 15:42:51.000,26.41521833,-80.16562667,1.90,5.847,-27.747,3.134,117,15,19,,
T,2026-07-24 15:42:52.000,26.41520000,-80.16558833,1.90,5.747,-27.747,3.526,117,15,19,,
T,2026-07-24 15:42:53.000,26.41518167,-80.16555000,1.90,5.047,-27.747,3.713,117,15,19,,
T,2026-07-24 15:42:54.000,26.41516167,-80.16550500,2.10,5.047,-27.747,3.824,116,15,19,,
T,2026-07-24 15:42:55.000,26.41513667,-80.16546500,2.30,4.647,-27.747,3.929,118,15,19,,
T,2026-07-24 15:42:56.000,26.41511333,-80.16542167,2.40,4.448,-27.748,4.025,117,15,19,,
T,2026-07-24 15:42:57.000,26.41509333,-80.16537667,2.50,4.448,-27.748,4.208,124,15,19,,
T,2026-07-24 15:42:58.000,26.41507333,-80.16533500,2.50,4.648,-27.748,4.444,119,14,19,,
T,2026-07-24 15:42:59.000,26.41505167,-80.16529667,2.50,4.548,-27.748,4.662,114,14,19,,
T,2026-07-24 15:43:00.000,26.41503167,-80.16525667,2.50,4.648,-27.748,4.752,116,15,19,,
T,2026-07-24 15:43:01.000,26.41501000,-80.16522000,2.50,4.948,-27.748,4.717,129,15,19,,
T,2026-07-24 15:43:02.000,26.41498333,-80.16519167,2.50,5.448,-27.748,4.647,137,15,19,,
T,2026-07-24 15:43:03.000,26.41495667,-80.16517000,2.50,5.749,-27.749,4.520,154,15,19,,
T,2026-07-24 15:43:04.000,26.41492500,-80.16516500,2.40,5.949,-27.749,4.394,173,15,19,,
T,2026-07-24 15:43:05.000,26.41489500,-80.16516833,2.40,6.049,-27.749,4.234,176,15,19,,
T,2026-07-24 15:43:06.000,26.41486833,-80.16517000,2.40,5.848,-27.748,4.004,175,15,19,,
T,2026-07-24 15:43:07.000,26.41484667,-80.16516333,2.40,5.949,-27.749,3.709,162,15,19,,
T,2026-07-24 15:43:08.000,26.41482500,-80.16515000,2.00,6.749,-27.749,3.486,150,15,18,,
T,2026-07-24 15:43:09.000,26.41481000,-80.16512000,1.90,6.349,-27.749,3.381,116,15,18,,
T,2026-07-24 15:43:10.000,26.41479833,-80.16508667,1.80,5.849,-27.749,3.330,107,15,18,,
T,2026-07-24 15:43:11.000,26.41479833,-80.16504833,2.10,5.649,-27.749,3.363,83,15,18,,
T,2026-07-24 15:43:12.000,26.41481333,-80.16501333,2.20,5.349,-27.749,3.407,61,15,18,,
T,2026-07-24 15:43:13.000,26.41483333,-80.16498833,2.30,4.949,-27.749,3.369,49,15,18,,
T,2026-07-24 15:43:14.000,26.41485833,-80.16496833,2.40,4.649,-27.749,3.349,38,15,18,,
T,2026-07-24 15:43:15.000,26.41488167,-80.16496167,2.50,4.249,-27.749,3.263,22,15,18,,
T,2026-07-24 15:43:16.000,26.41490333,-80.16495333,2.60,3.949,-27.749,3.261,23,15,18,,
T,2026-07-24 15:43:17.000,26.41491500,-80.16494500,2.70,3.649,-27.749,3.245,44,15,18,,
T,2026-07-24 15:43:18.000,26.41493500,-80.16494833,2.70,3.549,-27.749,3.187,23,15,18,,
T,2026-07-24 15:43:19.000,26.41496167,-80.16494667,2.70,1.449,-27.749,3.002,8,15,18,,
T,2026-07-24 15:43:20.000,26.41499333,-80.16495667,2.60,0.049,-27.749,2.892,0,14,18,,
T,2026-07-24 15:43:21.000,26.41504000,-80.16494500,2.30,0.250,-27.750,2.810,21,15,18,,
T,2026-07-24 15:43:22.000,26.41506500,-80.16490667,2.20,-0.450,-27.750,2.765,29,14,18,,
T,2026-07-24 15:43:23.000,26.41510000,-80.16488667,2.30,0.150,-27.750,2.758,26,14,18,,
T,2026-07-24 15:43:24.000,26.41513000,-80.16486667,2.40,-0.250,-27.750,2.656,26,14,18,,
T,2026-07-24 15:43:25.000,26.41515167,-80.16485167,2.40,-0.250,-27.750,2.644,28,14,18,,
T,2026-07-24 15:43:26.000,26.41518333,-80.16482833,2.20,0.250,-27.750,2.571,27,14,18,,
T,2026-07-24 15:43:27.000,26.41520833,-80.16481333,2.00,0.850,-27.750,2.593,14,14,18,,
T,2026-07-24 15:43:28.000,26.41523833,-80.16480500,2.00,1.050,-27.750,2.669,2,14,18,,
T,2026-07-24 15:43:29.000,26.41526833,-80.16481167,2.00,0.750,-27.750,2.802,347,14,18,,
T,2026-07-24 15:43:30.000,26.41530833,-80.16482667,2.00,0.550,-27.750,2.925,338,14,18,,
T,2026-07-24 15:43:31.000,26.41534500,-80.16484167,2.30,0.150,-27.750,3.012,343,14,18,,
T,2026-07-24 15:43:32.000,26.41538000,-80.16485667,2.40,-0.250,-27.750,3.055,337,14,18,,
T,2026-07-24 15:43:33.000,26.41542000,-80.16487333,2.60,-0.650,-27.750,3.191,342,14,18,,
T,2026-07-24 15:43:34.000,26.41546333,-80.16489000,2.60,-0.350,-27.750,3.417,342,14,18,,
T,2026-07-24 15:43:35.000,26.41550667,-80.16490333,2.60,-0.250,-27.750,3.669,346,14,18,,
T,2026-07-24 15:43:36.000,26.41555333,-80.16491000,2.60,0.850,-27.750,3.944,352,14,18,,
T,2026-07-24 15:43:37.000,26.41560167,-80.16491667,2.50,1.450,-27.750,4.188,347,14,18,,
T,2026-07-24 15:43:38.000,26.41564500,-80.16493167,2.60,1.850,-27.750,4.369,339,14,18,,
T,2026-07-24 15:43:39.000,26.41569000,-80.16493333,2.50,2.350,-27.750,4.521,358,14,18,,
T,2026-07-24 15:43:40.000,26.41573500,-80.16492667,2.50,2.950,-27.750,4.626,2,14,18,,
T,2026-07-24 15:43:41.000,26.41577500,-80.16491000,2.50,3.350,-27.750,4.669,15,14,18,,
T,2026-07-24 15:43:42.000,26.41581167,-80.16488833,2.50,3.750,-27.750,4.682,25,14,18,,
T,2026-07-24 15:43:43.000,26.41584667,-80.16486667,2.50,4.350,-27.750,4.608,34,14,18,,
T,2026-07-24 15:43:44.000,26.41587333,-80.16484500,2.50,4.750,-27.750,4.486,46,14,18,,
T,2026-07-24 15:43:45.000,26.41588500,-80.16483000,2.60,4.750,-27.750,4.227,48,14,18,,
T,2026-07-24 15:43:46.000,26.41589667,-80.16481667,2.60,4.751,-27.751,3.950,50,14,18,,
T,2026-07-24 15:43:47.000,26.41590667,-80.16481500,2.20,5.251,-27.751,3.647,58,13,18,,
T,2026-07-24 15:43:48.000,26.41591000,-80.16480500,2.10,5.951,-27.751,3.343,58,13,18,,
T,2026-07-24 15:43:49.000,26.41592167,-80.16479500,2.10,5.751,-27.751,2.953,65,14,18,,
T,2026-07-24 15:43:50.000,26.41592333,-80.16478333,2.10,5.951,-27.751,2.512,54,13,18,,
T,2026-07-24 15:43:51.000,26.41592667,-80.16477167,2.00,5.951,-27.751,2.073,83,14,18,,
T,2026-07-24 15:43:52.000,26.41593833,-80.16475500,1.90,5.351,-27.751,1.726,65,14,18,,
T,2026-07-24 15:43:53.000,26.41594667,-80.16475000,1.90,5.351,-27.751,1.455,59,14,18,,
T,2026-07-24 15:43:54.000,26.41595667,-80.16474333,1.80,5.651,-27.751,1.212,62,14,18,,
T,2026-07-24 15:43:55.000,26.41596500,-80.16473833,1.70,6.251,-27.751,1.098,41,13,18,,
T,2026-07-24 15:43:56.000,26.41597167,-80.16473333,1.70,6.251,-27.751,0.970,34,14,18,,
T,2026-07-24 15:43:57.000,26.41597500,-80.16472833,1.70,6.551,-27.751,0.887,38,14,18,,
T,2026-07-24 15:43:58.000,26.41597833,-80.16472333,1.70,6.851,-27.751,0.809,37,14,18,,
T,2026-07-24 15:43:59.000,26.41598167,-80.16471667,1.70,7.051,-27.751,0.789,38,14,18,,
T,2026-07-24 15:44:00.000,26.41598667,-80.16471000,1.80,7.151,-27.751,0.799,44,14,18,,
T,2026-07-24 15:44:01.000,26.41599000,-80.16470500,1.90,7.151,-27.751,0.845,105,14,18,,
T,2026-07-24 15:44:02.000,26.41598333,-80.16469000,1.90,7.651,-27.751,0.914,92,14,18,,
T,2026-07-24 15:44:03.000,26.41598333,-80.16468000,1.90,8.551,-27.751,0.919,86,14,18,,
T,2026-07-24 15:44:04.000,26.41598167,-80.16466833,2.00,9.051,-27.751,0.897,100,14,18,,
T,2026-07-24 15:44:05.000,26.41598167,-80.16466333,2.00,9.451,-27.751,0.850,141,14,18,,
T,2026-07-24 15:44:06.000,26.41599167,-80.16465333,2.00,9.551,-27.751,0.904,48,14,18,,
T,2026-07-24 15:44:07.000,26.41600500,-80.16464500,2.00,10.051,-27.751,0.893,48,14,18,,
T,2026-07-24 15:44:08.000,26.41601167,-80.16464000,1.90,10.451,-27.751,0.850,76,14,18,,
T,2026-07-24 15:44:09.000,26.41601833,-80.16464000,1.80,10.651,-27.751,0.818,51,14,18,,
T,2026-07-24 15:44:10.000,26.41602333,-80.16464000,1.70,10.751,-27.751,0.790,39,14,18,,
T,2026-07-24 15:44:11.000,26.41602833,-80.16464000,1.70,11.351,-27.751,0.756,37,14,18,,
T,2026-07-24 15:44:12.000,26.41603167,-80.16464167,1.70,11.551,-27.751,0.645,22,14,18,,
T,2026-07-24 15:44:13.000,26.41603833,-80.16463833,1.70,12.051,-27.751,0.588,39,14,18,,
T,2026-07-24 15:44:14.000,26.41604667,-80.16463167,1.70,12.351,-27.751,0.655,35,14,18,,
T,2026-07-24 15:44:15.000,26.41605667,-80.16462167,1.90,12.651,-27.751,0.714,40,14,18,,
T,2026-07-24 15:44:16.000,26.41606667,-80.16461500,1.90,12.951,-27.751,0.705,29,14,18,,
T,2026-07-24 15:44:17.000,26.41607500,-80.16461333,2.00,13.151,-27.751,0.742,28,14,18,,
T,2026-07-24 15:44:18.000,26.41607167,-80.16460500,2.00,13.351,-27.751,0.748,112,14,18,,
T,2026-07-24 15:44:19.000,26.41606833,-80.16459833,2.00,13.752,-27.752,0.726,106,14,18,,
T,2026-07-24 15:44:20.000,26.41606500,-80.16459333,2.00,14.052,-27.752,0.702,89,14,18,,
T,2026-07-24 15:44:21.000,26.41606333,-80.16459000,2.00,14.052,-27.752,0.680,96,14,18,,
T,2026-07-24 15:44:22.000,26.41606500,-80.16458500,2.00,13.952,-27.752,0.670,62,14,18,,
T,2026-07-24 15:44:23.000,26.41606333,-80.16458000,2.00,14.152,-27.752,0.638,74,14,18,,
T,2026-07-24 15:44:24.000,26.41606000,-80.16457500,2.10,14.552,-27.752,0.495,80,14,18,,
T,2026-07-24 15:44:25.000,26.41605667,-80.16457167,2.10,14.752,-27.752,0.000,,14,18,,
T,2026-07-24 15:44:26.000,26.41605167,-80.16456667,2.10,14.952,-27.752,0.000,,14,18,,
T,2026-07-24 15:44:27.000,26.41604833,-80.16456500,2.10,15.252,-27.752,0.000,,14,18,,
T,2026-07-24 15:44:28.000,26.41604833,-80.16456500,2.10,15.252,-27.752,0.000,,14,18,,
T,2026-07-24 15:44:29.000,26.41604833,-80.16456500,2.10,15.252,-27.752,0.000,,14,18,,
T,2026-07-24 15:44:30.000,26.41604833,-80.16456500,2.10,15.252,-27.752,0.000,,14,18,,
T,2026-07-24 15:44:31.000,26.41604833,-80.16456500,2.00,15.252,-27.752,0.000,,14,18,,
T,2026-07-24 15:44:32.000,26.41604833,-80.16456500,1.70,15.252,-27.752,0.000,,14,18,,
T,2026-07-24 15:44:33.000,26.41604833,-80.16456500,1.80,15.252,-27.752,0.000,,14,18,,
T,2026-07-24 15:44:34.000,26.41604833,-80.16456500,1.80,15.252,-27.752,0.000,,14,18,,
T,2026-07-24 15:44:35.000,26.41604833,-80.16456500,1.90,15.252,-27.752,0.000,,14,18,,
T,2026-07-24 15:44:36.000,26.41604833,-80.16456500,1.90,15.252,-27.752,0.000,,14,18,,
