type,date time,latitude,longitude,accuracy(m),altitude(m),geoid_height(m),speed(m/s),bearing(deg),sat_used,sat_inview,name,desc
W,2026-07-24 14:32:28.000,26.42372000,-80.15280167,1.90,4.804,-27.804,1.769,135,16,21,,Station2
W,2026-07-24 14:41:47.000,26.41588000,-80.16338333,2.40,10.156,-27.756,0.000,,16,20,,Golf cart center
T,2026-07-24 14:32:09.000,26.42351167,-80.15276333,1.60,5.504,-27.804,0.000,,11,21,20260724-103209,GPS Logger: 20260724-103209 - ST2-GolfCartCenter
T,2026-07-24 14:32:10.000,26.42351167,-80.15276000,1.60,5.504,-27.804,0.000,,11,21,,
T,2026-07-24 14:32:11.000,26.42351167,-80.15276000,1.60,5.504,-27.804,0.000,,12,21,,
T,2026-07-24 14:32:12.000,26.42351167,-80.15276000,1.60,5.504,-27.804,0.000,,12,21,,
T,2026-07-24 14:32:13.000,26.42351167,-80.15276000,1.60,5.504,-27.804,0.000,,12,21,,
T,2026-07-24 14:32:14.000,26.42351167,-80.15276000,1.60,5.504,-27.804,0.000,,12,21,,
T,2026-07-24 14:32:15.000,26.42351167,-80.15276000,1.60,5.504,-27.804,0.000,,12,21,,
T,2026-07-24 14:32:16.000,26.42351167,-80.15276000,1.70,5.504,-27.804,0.000,,12,21,,
T,2026-07-24 14:32:17.000,26.42351167,-80.15276000,1.90,5.504,-27.804,0.000,,12,21,,
T,2026-07-24 14:32:18.000,26.42356500,-80.15279000,1.90,5.304,-27.804,0.640,335,11,21,,
T,2026-07-24 14:32:19.000,26.42360333,-80.15280000,2.00,5.104,-27.804,0.947,340,11,21,,
T,2026-07-24 14:32:20.000,26.42363667,-80.15280833,1.90,4.704,-27.804,1.228,353,11,21,,
T,2026-07-24 14:32:21.000,26.42366333,-80.15281500,1.80,4.704,-27.804,1.521,350,16,21,,
T,2026-07-24 14:32:22.000,26.42368833,-80.15281500,2.10,4.704,-27.804,1.791,358,16,21,,
T,2026-07-24 14:32:23.000,26.42370833,-80.15281500,2.30,4.704,-27.804,2.013,360,16,21,,
T,2026-07-24 14:32:24.000,26.42371333,-80.15280833,2.20,4.604,-27.804,2.179,9,16,21,,
T,2026-07-24 14:32:25.000,26.42372000,-80.15280667,2.20,4.704,-27.804,2.285,15,16,21,,
T,2026-07-24 14:32:26.000,26.42372333,-80.15280500,2.20,4.904,-27.804,2.268,152,16,21,,
T,2026-07-24 14:32:27.000,26.42372167,-80.15279833,2.00,5.104,-27.804,2.049,296,16,21,,
T,2026-07-24 14:32:28.000,26.42372000,-80.15280167,1.90,4.804,-27.804,1.769,135,16,21,,
T,2026-07-24 14:32:29.000,26.42371500,-80.15280500,1.80,4.704,-27.804,1.467,242,16,21,,
T,2026-07-24 14:32:30.000,26.42371167,-80.15281167,1.70,4.604,-27.804,1.191,269,16,21,,
T,2026-07-24 14:32:31.000,26.42371333,-80.15281667,1.70,4.504,-27.804,0.902,269,16,21,,
T,2026-07-24 14:32:32.000,26.42371000,-80.15281833,1.70,4.404,-27.804,0.635,236,16,21,,
T,2026-07-24 14:32:33.000,26.42371000,-80.15282167,1.70,4.404,-27.804,0.427,258,16,21,,
T,2026-07-24 14:32:34.000,26.42370833,-80.15282333,1.70,4.504,-27.804,0.000,,16,21,,
T,2026-07-24 14:32:35.000,26.42370833,-80.15282500,1.70,4.504,-27.804,0.000,,16,21,,
T,2026-07-24 14:32:36.000,26.42370667,-80.15282667,1.70,4.504,-27.804,0.000,,16,21,,
T,2026-07-24 14:32:37.000,26.42370667,-80.15282667,1.70,4.504,-27.804,0.000,,16,21,,
T,2026-07-24 14:32:38.000,26.42370667,-80.15282667,1.70,4.504,-27.804,0.000,,16,21,,
T,2026-07-24 14:32:39.000,26.42370667,-80.15282667,1.70,4.504,-27.804,0.000,,16,21,,
T,2026-07-24 14:32:40.000,26.42366833,-80.15281833,1.80,4.104,-27.804,0.417,172,16,21,,
T,2026-07-24 14:32:41.000,26.42363833,-80.15281500,1.90,4.104,-27.804,0.668,174,16,21,,
T,2026-07-24 14:32:42.000,26.42360500,-80.15280833,2.00,4.004,-27.804,0.949,175,16,21,,
T,2026-07-24 14:32:43.000,26.42357500,-80.15279667,2.00,3.904,-27.804,1.217,161,16,21,,
T,2026-07-24 14:32:44.000,26.42355500,-80.15278333,2.00,3.904,-27.804,1.413,155,15,21,,
T,2026-07-24 14:32:45.000,26.42354000,-80.15277333,1.90,3.904,-27.804,1.542,155,16,21,,
T,2026-07-24 14:32:46.000,26.42353167,-80.15277000,1.90,3.904,-27.804,1.621,171,16,21,,
T,2026-07-24 14:32:47.000,26.42352833,-80.15276833,1.90,4.004,-27.804,1.613,47,15,21,,
T,2026-07-24 14:32:48.000,26.42352833,-80.15276833,2.00,3.904,-27.804,1.595,190,15,21,,
T,2026-07-24 14:32:49.000,26.42352667,-80.15277000,1.80,4.104,-27.804,1.541,300,15,21,,
T,2026-07-24 14:32:50.000,26.42352333,-80.15277167,1.80,4.004,-27.804,1.353,291,15,21,,
T,2026-07-24 14:32:51.000,26.42352333,-80.15277167,1.80,3.904,-27.804,1.096,301,15,21,,
T,2026-07-24 14:32:52.000,26.42352333,-80.15277000,1.70,3.904,-27.804,0.814,3,15,21,,
T,2026-07-24 14:32:53.000,26.42352167,-80.15277500,1.70,3.804,-27.804,0.554,273,15,21,,
T,2026-07-24 14:32:54.000,26.42352167,-80.15278000,1.60,3.504,-27.804,0.000,,15,21,,
T,2026-07-24 14:32:55.000,26.42351333,-80.15279000,1.60,3.404,-27.804,0.404,228,14,21,,
T,2026-07-24 14:32:56.000,26.42350000,-80.15280167,1.70,3.504,-27.804,0.463,194,14,21,,
T,2026-07-24 14:32:57.000,26.42348833,-80.15280333,1.80,3.504,-27.804,0.594,200,15,21,,
T,2026-07-24 14:32:58.000,26.42347500,-80.15281167,1.90,3.604,-27.804,0.759,216,15,21,,
T,2026-07-24 14:32:59.000,26.42346167,-80.15282500,2.00,3.804,-27.804,0.946,221,15,21,,
T,2026-07-24 14:33:00.000,26.42344833,-80.15282833,1.90,3.704,-27.804,1.090,205,15,21,,
T,2026-07-24 14:33:01.000,26.42343833,-80.15284167,1.90,3.404,-27.804,1.271,230,15,21,,
T,2026-07-24 14:33:02.000,26.42342833,-80.15285500,1.90,2.904,-27.804,1.456,236,16,21,,
T,2026-07-24 14:33:03.000,26.42342000,-80.15286667,1.90,2.004,-27.804,1.609,242,15,21,,
T,2026-07-24 14:33:04.000,26.42341167,-80.15288667,1.80,1.904,-27.804,1.764,231,14,21,,
T,2026-07-24 14:33:05.000,26.42339833,-80.15290167,1.80,0.904,-27.804,1.826,230,16,21,,
T,2026-07-24 14:33:06.000,26.42338333,-80.15291667,1.90,0.304,-27.804,1.885,235,16,21,,
T,2026-07-24 14:33:07.000,26.42337000,-80.15293167,1.90,-0.196,-27.804,1.972,233,16,21,,
T,2026-07-24 14:33:08.000,26.42335500,-80.15295167,1.90,-0.496,-27.804,2.038,240,16,21,,
T,2026-07-24 14:33:09.000,26.42334167,-80.15297500,1.80,-0.897,-27.803,2.096,240,17,21,,
T,2026-07-24 14:33:10.000,26.42332833,-80.15299833,1.80,-1.097,-27.803,2.215,246,17,21,,
T,2026-07-24 14:33:11.000,26.42331167,-80.15302333,1.80,-1.097,-27.803,2.279,242,17,21,,
T,2026-07-24 14:33:12.000,26.42329667,-80.15305667,1.80,-0.797,-27.803,2.429,245,17,21,,
T,2026-07-24 14:33:13.000,26.42328333,-80.15308833,1.90,-0.597,-27.803,2.553,251,17,21,,
T,2026-07-24 14:33:14.000,26.42327167,-80.15311667,2.10,-0.497,-27.803,2.627,246,17,21,,
T,2026-07-24 14:33:15.000,26.42326000,-80.15314000,2.20,-0.397,-27.803,2.651,238,17,21,,
T,2026-07-24 14:33:16.000,26.42324500,-80.15315333,1.90,-0.197,-27.803,2.674,239,17,21,,
T,2026-07-24 14:33:17.000,26.42323333,-80.15317167,1.80,-0.297,-27.803,2.646,228,17,21,,
T,2026-07-24 14:33:18.000,26.42321833,-80.15318500,1.70,-0.297,-27.803,2.610,221,17,21,,
T,2026-07-24 14:33:19.000,26.42320167,-80.15319667,1.70,0.102,-27.802,2.568,201,17,21,,
T,2026-07-24 14:33:20.000,26.42318333,-80.15320500,1.70,-0.098,-27.802,2.507,202,17,21,,
T,2026-07-24 14:33:21.000,26.42316333,-80.15320500,1.70,0.502,-27.802,2.517,171,17,21,,
T,2026-07-24 14:33:22.000,26.42314167,-80.15320333,2.00,0.902,-27.802,2.399,165,17,21,,
T,2026-07-24 14:33:23.000,26.42312500,-80.15320333,2.10,1.102,-27.802,2.283,181,17,21,,
T,2026-07-24 14:33:24.000,26.42311167,-80.15320333,2.20,1.302,-27.802,2.174,181,17,21,,
T,2026-07-24 14:33:25.000,26.42309667,-80.15320500,2.30,1.702,-27.802,2.120,175,17,21,,
T,2026-07-24 14:33:26.000,26.42308333,-80.15321000,2.20,1.802,-27.802,2.081,172,17,21,,
T,2026-07-24 14:33:27.000,26.42306833,-80.15321667,2.20,2.002,-27.802,2.106,186,17,21,,
T,2026-07-24 14:33:28.000,26.42305167,-80.15322000,2.10,2.202,-27.802,2.118,196,17,21,,
T,2026-07-24 14:33:29.000,26.42303000,-80.15323000,2.00,2.202,-27.802,2.120,200,16,21,,
T,2026-07-24 14:33:30.000,26.42300500,-80.15323667,2.10,2.302,-27.802,2.110,194,16,21,,
T,2026-07-24 14:33:31.000,26.42297833,-80.15323667,2.00,2.302,-27.802,2.075,184,15,21,,
T,2026-07-24 14:33:32.000,26.42295000,-80.15323500,1.90,2.202,-27.802,2.084,178,15,21,,
T,2026-07-24 14:33:33.000,26.42292333,-80.15323500,1.80,2.102,-27.802,2.128,188,16,21,,
T,2026-07-24 14:33:34.000,26.42290000,-80.15322833,1.90,2.402,-27.802,2.173,173,16,21,,
T,2026-07-24 14:33:35.000,26.42287833,-80.15322000,2.00,3.002,-27.802,2.188,173,16,21,,
T,2026-07-24 14:33:36.000,26.42286167,-80.15320833,1.90,3.702,-27.802,2.187,167,16,21,,
T,2026-07-24 14:33:37.000,26.42284500,-80.15320500,1.90,4.102,-27.802,2.119,173,16,21,,
T,2026-07-24 14:33:38.000,26.42282833,-80.15320333,1.90,4.202,-27.802,2.047,174,17,21,,
T,2026-07-24 14:33:39.000,26.42281333,-80.15320333,1.70,4.002,-27.802,2.000,196,17,21,,
T,2026-07-24 14:33:40.000,26.42279667,-80.15320167,1.70,3.802,-27.802,1.987,175,17,21,,
T,2026-07-24 14:33:41.000,26.42278000,-80.15320167,1.70,3.802,-27.802,1.938,175,17,21,,
T,2026-07-24 14:33:42.000,26.42276333,-80.15320167,1.70,3.602,-27.802,1.872,188,17,21,,
T,2026-07-24 14:33:43.000,26.42275167,-80.15320500,1.60,3.502,-27.802,1.771,202,17,21,,
T,2026-07-24 14:33:44.000,26.42273500,-80.15320667,1.70,3.402,-27.802,1.676,208,16,21,,
T,2026-07-24 14:33:45.000,26.42272000,-80.15321667,1.70,3.402,-27.802,1.645,240,16,21,,
T,2026-07-24 14:33:46.000,26.42271333,-80.15323667,1.60,3.002,-27.802,1.647,254,16,21,,
T,2026-07-24 14:33:47.000,26.42271167,-80.15326000,1.60,2.702,-27.802,1.737,273,16,21,,
T,2026-07-24 14:33:48.000,26.42271500,-80.15329000,1.60,2.602,-27.802,1.858,271,16,21,,
T,2026-07-24 14:33:49.000,26.42272167,-80.15333000,1.70,2.902,-27.802,2.064,276,16,21,,
T,2026-07-24 14:33:50.000,26.42272667,-80.15337500,1.80,3.401,-27.801,2.277,272,16,21,,
T,2026-07-24 14:33:51.000,26.42272667,-80.15342000,2.00,3.701,-27.801,2.536,271,16,21,,
T,2026-07-24 14:33:52.000,26.42272500,-80.15346833,2.20,4.201,-27.801,2.826,272,16,21,,
T,2026-07-24 14:33:53.000,26.42272500,-80.15352000,2.30,4.801,-27.801,3.177,272,16,21,,
T,2026-07-24 14:33:54.000,26.42272167,-80.15357333,2.30,5.301,-27.801,3.558,267,16,21,,
T,2026-07-24 14:33:55.000,26.42272000,-80.15362667,2.40,5.400,-27.800,3.892,268,16,21,,
T,2026-07-24 14:33:56.000,26.42271833,-80.15367667,2.40,5.400,-27.800,4.202,269,17,21,,
T,2026-07-24 14:33:57.000,26.42271833,-80.15373333,2.00,4.900,-27.800,4.494,270,17,21,,
T,2026-07-24 14:33:58.000,26.42271833,-80.15378833,1.90,5.000,-27.800,4.769,266,16,21,,
T,2026-07-24 14:33:59.000,26.42271667,-80.15384333,2.10,4.900,-27.800,4.955,264,16,21,,
T,2026-07-24 14:34:00.000,26.42271333,-80.15389833,2.30,5.099,-27.799,5.098,266,16,21,,
T,2026-07-24 14:34:01.000,26.42270833,-80.15394833,2.20,4.699,-27.799,5.200,269,17,21,,
T,2026-07-24 14:34:02.000,26.42270833,-80.15400333,1.90,4.099,-27.799,5.290,272,16,21,,
T,2026-07-24 14:34:03.000,26.42271333,-80.15406167,1.80,4.099,-27.799,5.412,276,17,21,,
T,2026-07-24 14:34:04.000,26.42271500,-80.15412167,1.70,4.298,-27.798,5.493,272,17,21,,
T,2026-07-24 14:34:05.000,26.42271500,-80.15417833,1.70,4.098,-27.798,5.574,274,17,21,,
T,2026-07-24 14:34:06.000,26.42271500,-80.15423500,1.60,3.898,-27.798,5.626,273,17,21,,
T,2026-07-24 14:34:07.000,26.42271500,-80.15428833,1.60,3.498,-27.798,5.652,274,17,21,,
T,2026-07-24 14:34:08.000,26.42272000,-80.15434333,1.60,4.197,-27.797,5.688,275,17,21,,
T,2026-07-24 14:34:09.000,26.42272833,-80.15440000,1.50,4.397,-27.797,5.672,274,17,21,,
T,2026-07-24 14:34:10.000,26.42273667,-80.15446000,1.50,4.797,-27.797,5.719,277,17,21,,
T,2026-07-24 14:34:11.000,26.42274500,-80.15452167,1.80,4.997,-27.797,5.796,280,16,21,,
T,2026-07-24 14:34:12.000,26.42275500,-80.15458167,2.10,5.296,-27.796,5.837,280,16,21,,
T,2026-07-24 14:34:13.000,26.42276333,-80.15464000,2.00,4.996,-27.796,5.818,278,17,21,,
T,2026-07-24 14:34:14.000,26.42276667,-80.15469833,1.80,4.196,-27.796,5.837,279,16,21,,
T,2026-07-24 14:34:15.000,26.42277500,-80.15476000,1.70,3.896,-27.796,5.851,278,17,21,,
T,2026-07-24 14:34:16.000,26.42278167,-80.15482000,1.70,3.296,-27.796,5.895,276,16,21,,
T,2026-07-24 14:34:17.000,26.42279000,-80.15488000,1.70,2.295,-27.795,5.960,277,17,21,,
T,2026-07-24 14:34:18.000,26.42279833,-80.15494333,1.70,1.595,-27.795,6.023,278,17,21,,
T,2026-07-24 14:34:19.000,26.42281000,-80.15501000,1.60,1.495,-27.795,6.093,278,17,21,,
T,2026-07-24 14:34:20.000,26.42281667,-80.15507000,1.60,1.295,-27.795,6.081,277,17,21,,
T,2026-07-24 14:34:21.000,26.42282500,-80.15513167,1.60,1.494,-27.794,6.068,276,17,21,,
T,2026-07-24 14:34:22.000,26.42283000,-80.15519333,1.70,1.494,-27.794,6.097,280,17,21,,
T,2026-07-24 14:34:23.000,26.42283833,-80.15525500,1.70,1.694,-27.794,6.127,280,17,21,,
T,2026-07-24 14:34:24.000,26.42284500,-80.15531667,1.60,1.894,-27.794,6.123,280,17,21,,
T,2026-07-24 14:34:25.000,26.42285667,-80.15537500,1.60,1.793,-27.793,6.130,282,17,21,,
T,2026-07-24 14:34:26.000,26.42286000,-80.15543500,1.80,1.293,-27.793,6.128,281,17,21,,
T,2026-07-24 14:34:27.000,26.42286500,-80.15549667,1.70,1.093,-27.793,6.099,279,17,21,,
T,2026-07-24 14:34:28.000,26.42287167,-80.15555500,1.70,0.793,-27.793,6.052,281,17,21,,
T,2026-07-24 14:34:29.000,26.42287833,-80.15561500,1.90,0.792,-27.792,6.039,280,16,21,,
T,2026-07-24 14:34:30.000,26.42289000,-80.15567667,1.70,1.092,-27.792,6.033,279,17,21,,
T,2026-07-24 14:34:31.000,26.42290000,-80.15573500,1.80,1.292,-27.792,5.997,278,16,21,,
T,2026-07-24 14:34:32.000,26.42291500,-80.15579833,1.60,1.492,-27.792,5.994,284,16,21,,
T,2026-07-24 14:34:33.000,26.42292667,-80.15586000,1.60,1.791,-27.791,6.008,283,16,21,,
T,2026-07-24 14:34:34.000,26.42293500,-80.15592000,1.50,1.691,-27.791,6.048,278,16,21,,
T,2026-07-24 14:34:35.000,26.42294167,-80.15598167,1.60,1.891,-27.791,6.077,276,16,21,,
T,2026-07-24 14:34:36.000,26.42294500,-80.15604167,2.00,1.791,-27.791,6.107,273,15,21,,
T,2026-07-24 14:34:37.000,26.42294833,-80.15610000,2.00,1.690,-27.790,6.143,271,15,21,,
T,2026-07-24 14:34:38.000,26.42294833,-80.15616333,1.80,1.890,-27.790,6.195,273,16,21,,
T,2026-07-24 14:34:39.000,26.42295167,-80.15622667,1.80,2.090,-27.790,6.251,270,16,21,,
T,2026-07-24 14:34:40.000,26.42295167,-80.15629167,1.70,2.390,-27.790,6.315,268,16,21,,
T,2026-07-24 14:34:41.000,26.42295167,-80.15635500,1.70,2.689,-27.789,6.397,269,16,21,,
T,2026-07-24 14:34:42.000,26.42295000,-80.15641667,1.90,3.089,-27.789,6.415,266,15,21,,
T,2026-07-24 14:34:43.000,26.42295000,-80.15648167,1.80,3.489,-27.789,6.422,269,16,21,,
T,2026-07-24 14:34:44.000,26.42294667,-80.15654667,1.80,3.389,-27.789,6.432,269,16,21,,
T,2026-07-24 14:34:45.000,26.42294333,-80.15661500,1.70,3.688,-27.788,6.468,270,15,21,,
T,2026-07-24 14:34:46.000,26.42294333,-80.15668333,1.70,3.988,-27.788,6.493,270,15,21,,
T,2026-07-24 14:34:47.000,26.42293500,-80.15675167,1.70,4.188,-27.788,6.533,265,15,21,,
T,2026-07-24 14:34:48.000,26.42292833,-80.15682000,1.60,4.387,-27.787,6.551,266,15,21,,
T,2026-07-24 14:34:49.000,26.42292167,-80.15688833,1.60,4.487,-27.787,6.592,267,15,21,,
T,2026-07-24 14:34:50.000,26.42291167,-80.15695833,1.60,4.187,-27.787,6.875,261,15,21,,
T,2026-07-24 14:34:51.000,26.42290333,-80.15702333,1.60,3.687,-27.787,6.740,259,15,21,,
T,2026-07-24 14:34:52.000,26.42289167,-80.15708500,1.60,3.186,-27.786,6.513,258,15,21,,
T,2026-07-24 14:34:53.000,26.42288000,-80.15714667,1.60,2.986,-27.786,6.709,258,15,21,,
T,2026-07-24 14:34:54.000,26.42286833,-80.15721000,1.50,2.586,-27.786,6.698,258,15,21,,
T,2026-07-24 14:34:55.000,26.42286000,-80.15727333,1.80,1.885,-27.785,6.697,257,15,21,,
T,2026-07-24 14:34:56.000,26.42284833,-80.15733333,1.90,1.085,-27.785,6.599,258,15,21,,
T,2026-07-24 14:34:57.000,26.42283500,-80.15739667,1.70,1.185,-27.785,6.702,259,15,21,,
T,2026-07-24 14:34:58.000,26.42282167,-80.15746333,1.60,1.085,-27.785,6.819,259,15,21,,
T,2026-07-24 14:34:59.000,26.42281000,-80.15753167,1.60,1.184,-27.784,6.802,260,15,21,,
T,2026-07-24 14:35:00.000,26.42280167,-80.15759667,1.60,0.884,-27.784,6.608,261,15,21,,
T,2026-07-24 14:35:01.000,26.42279167,-80.15766500,1.50,1.084,-27.784,6.642,260,15,21,,
T,2026-07-24 14:35:02.000,26.42278167,-80.15773000,1.50,0.884,-27.784,6.545,259,16,21,,
T,2026-07-24 14:35:03.000,26.42277167,-80.15779333,1.50,0.483,-27.783,6.367,261,16,21,,
T,2026-07-24 14:35:04.000,26.42276500,-80.15785833,1.50,0.183,-27.783,6.472,260,16,21,,
T,2026-07-24 14:35:05.000,26.42275667,-80.15790833,1.90,-1.117,-27.783,6.219,260,16,21,,
T,2026-07-24 14:35:06.000,26.42274667,-80.15796833,1.80,-1.517,-27.783,6.229,259,16,21,,
T,2026-07-24 14:35:07.000,26.42273500,-80.15803167,1.80,-2.118,-27.782,6.250,262,16,21,,
T,2026-07-24 14:35:08.000,26.42273167,-80.15809667,1.90,-2.118,-27.782,6.274,265,16,21,,
T,2026-07-24 14:35:09.000,26.42272333,-80.15815833,1.90,-2.818,-27.782,6.275,268,16,21,,
T,2026-07-24 14:35:10.000,26.42273333,-80.15822167,1.80,-1.619,-27.781,6.371,273,16,21,,
T,2026-07-24 14:35:11.000,26.42273500,-80.15828833,2.00,-1.519,-27.781,6.393,273,15,21,,
T,2026-07-24 14:35:12.000,26.42273000,-80.15835500,1.80,-1.419,-27.781,6.354,272,16,21,,
T,2026-07-24 14:35:13.000,26.42273000,-80.15842000,1.80,-0.519,-27.781,6.315,268,16,21,,
T,2026-07-24 14:35:14.000,26.42272833,-80.15848333,1.90,-0.520,-27.780,6.460,274,16,21,,
T,2026-07-24 14:35:15.000,26.42273333,-80.15855167,2.00,-0.420,-27.780,6.724,272,16,21,,
T,2026-07-24 14:35:16.000,26.42272833,-80.15861833,2.00,-0.320,-27.780,6.585,270,16,21,,
T,2026-07-24 14:35:17.000,26.42272833,-80.15868833,2.00,-0.120,-27.780,6.742,270,16,21,,
T,2026-07-24 14:35:18.000,26.42272667,-80.15875833,2.00,0.279,-27.779,6.519,270,16,21,,
T,2026-07-24 14:35:19.000,26.42272333,-80.15882333,2.00,0.679,-27.779,6.559,270,16,21,,
T,2026-07-24 14:35:20.000,26.42272500,-80.15889500,2.00,0.779,-27.779,6.560,267,15,21,,
T,2026-07-24 14:35:21.000,26.42272167,-80.15895667,1.80,0.578,-27.778,6.295,269,16,21,,
T,2026-07-24 14:35:22.000,26.42272167,-80.15902500,1.70,0.978,-27.778,6.481,267,16,21,,
T,2026-07-24 14:35:23.000,26.42271667,-80.15909333,1.60,1.278,-27.778,6.172,266,16,21,,
T,2026-07-24 14:35:24.000,26.42271500,-80.15916000,1.80,1.478,-27.778,6.549,264,16,21,,
T,2026-07-24 14:35:25.000,26.42270500,-80.15922167,2.00,1.677,-27.777,6.329,260,16,21,,
T,2026-07-24 14:35:26.000,26.42269833,-80.15929333,1.90,1.877,-27.777,6.348,259,15,21,,
T,2026-07-24 14:35:27.000,26.42268000,-80.15935333,1.70,2.177,-27.777,6.224,253,16,21,,
T,2026-07-24 14:35:28.000,26.42265833,-80.15941167,1.60,2.477,-27.777,6.358,247,16,21,,
T,2026-07-24 14:35:29.000,26.42263333,-80.15946833,1.50,2.576,-27.776,6.382,242,16,21,,
T,2026-07-24 14:35:30.000,26.42260333,-80.15952333,1.50,2.776,-27.776,6.530,237,16,21,,
T,2026-07-24 14:35:31.000,26.42256833,-80.15957667,1.50,3.076,-27.776,6.399,232,16,21,,
T,2026-07-24 14:35:32.000,26.42253000,-80.15962500,1.60,3.476,-27.776,6.391,227,15,21,,
T,2026-07-24 14:35:33.000,26.42248667,-80.15967167,1.80,3.975,-27.775,6.233,222,15,21,,
T,2026-07-24 14:35:34.000,26.42244333,-80.15971167,1.70,4.375,-27.775,5.940,220,15,21,,
T,2026-07-24 14:35:35.000,26.42240000,-80.15975000,1.70,4.275,-27.775,6.135,216,15,21,,
T,2026-07-24 14:35:36.000,26.42234667,-80.15977333,1.90,4.275,-27.775,5.813,209,16,21,,
T,2026-07-24 14:35:37.000,26.42229000,-80.15979000,2.00,4.075,-27.775,5.998,206,16,21,,
T,2026-07-24 14:35:38.000,26.42223667,-80.15981167,2.00,4.375,-27.775,6.213,204,16,21,,
T,2026-07-24 14:35:39.000,26.42218167,-80.15982500,2.00,4.575,-27.775,6.119,199,16,21,,
T,2026-07-24 14:35:40.000,26.42213167,-80.15983667,2.00,4.975,-27.775,5.809,192,16,21,,
T,2026-07-24 14:35:41.000,26.42208000,-80.15985000,2.00,4.974,-27.774,6.232,188,16,21,,
T,2026-07-24 14:35:42.000,26.42203167,-80.15986000,2.00,4.774,-27.774,6.195,184,16,21,,
T,2026-07-24 14:35:43.000,26.42198000,-80.15986000,2.00,4.374,-27.774,6.185,179,16,21,,
T,2026-07-24 14:35:44.000,26.42193167,-80.15985833,2.00,4.474,-27.774,6.380,175,16,21,,
T,2026-07-24 14:35:45.000,26.42188167,-80.15985833,2.00,3.874,-27.774,5.918,175,16,21,,
T,2026-07-24 14:35:46.000,26.42182667,-80.15986000,1.90,3.974,-27.774,6.272,172,16,21,,
T,2026-07-24 14:35:47.000,26.42177167,-80.15985333,1.90,3.874,-27.774,6.608,167,16,21,,
T,2026-07-24 14:35:48.000,26.42171167,-80.15984000,1.90,4.174,-27.774,6.325,163,15,21,,
T,2026-07-24 14:35:49.000,26.42166000,-80.15982167,1.90,3.674,-27.774,6.069,157,15,21,,
T,2026-07-24 14:35:50.000,26.42161000,-80.15979500,1.90,4.374,-27.774,6.208,153,15,21,,
T,2026-07-24 14:35:51.000,26.42155833,-80.15977000,1.90,4.674,-27.774,5.938,155,15,21,,
T,2026-07-24 14:35:52.000,26.42151167,-80.15974500,1.90,4.575,-27.775,6.171,160,15,21,,
T,2026-07-24 14:35:53.000,26.42146000,-80.15972167,1.90,4.375,-27.775,6.143,162,15,21,,
T,2026-07-24 14:35:54.000,26.42141333,-80.15969333,1.90,4.075,-27.775,6.143,151,15,21,,
T,2026-07-24 14:35:55.000,26.42136667,-80.15965667,1.90,3.675,-27.775,6.057,147,15,21,,
T,2026-07-24 14:35:56.000,26.42132000,-80.15961833,1.90,3.575,-27.775,6.044,144,15,21,,
T,2026-07-24 14:35:57.000,26.42127333,-80.15957667,1.80,3.975,-27.775,6.127,143,15,21,,
T,2026-07-24 14:35:58.000,26.42122833,-80.15953333,1.90,3.975,-27.775,6.138,141,15,21,,
T,2026-07-24 14:35:59.000,26.42118833,-80.15949167,1.80,4.375,-27.775,6.277,140,15,21,,
T,2026-07-24 14:36:00.000,26.42114500,-80.15944500,1.90,4.576,-27.776,6.255,137,15,21,,
T,2026-07-24 14:36:01.000,26.42110000,-80.15939667,1.70,4.876,-27.776,6.237,137,16,21,,
T,2026-07-24 14:36:02.000,26.42106167,-80.15935333,1.60,5.176,-27.776,6.105,133,16,21,,
T,2026-07-24 14:36:03.000,26.42102667,-80.15931500,1.50,4.776,-27.776,6.103,136,16,21,,
T,2026-07-24 14:36:04.000,26.42098333,-80.15927167,1.40,4.876,-27.776,6.226,136,16,21,,
T,2026-07-24 14:36:05.000,26.42094000,-80.15923000,1.40,4.376,-27.776,6.243,138,15,21,,
T,2026-07-24 14:36:06.000,26.42089167,-80.15918667,1.80,3.977,-27.777,6.424,136,15,21,,
T,2026-07-24 14:36:07.000,26.42085167,-80.15914333,1.70,3.877,-27.777,6.566,136,15,21,,
T,2026-07-24 14:36:08.000,26.42081000,-80.15910000,1.70,4.177,-27.777,6.444,139,15,21,,
T,2026-07-24 14:36:09.000,26.42076833,-80.15906167,1.70,4.377,-27.777,6.342,139,15,21,,
T,2026-07-24 14:36:10.000,26.42072833,-80.15903000,1.70,4.477,-27.777,6.015,148,15,21,,
T,2026-07-24 14:36:11.000,26.42068167,-80.15899667,1.80,3.977,-27.777,6.624,144,15,21,,
T,2026-07-24 14:36:12.000,26.42064167,-80.15896000,1.90,3.777,-27.777,6.171,144,15,21,,
T,2026-07-24 14:36:13.000,26.42059333,-80.15891667,1.80,3.477,-27.777,6.387,144,15,21,,
T,2026-07-24 14:36:14.000,26.42054000,-80.15887000,1.90,4.078,-27.778,6.362,143,16,21,,
T,2026-07-24 14:36:15.000,26.42048500,-80.15882833,1.90,3.878,-27.778,6.324,142,15,21,,
T,2026-07-24 14:36:16.000,26.42043000,-80.15878667,1.90,4.378,-27.778,6.355,144,15,21,,
T,2026-07-24 14:36:17.000,26.42038000,-80.15875167,1.90,4.578,-27.778,6.344,147,16,21,,
T,2026-07-24 14:36:18.000,26.42033333,-80.15871833,2.00,4.878,-27.778,5.723,148,16,21,,
T,2026-07-24 14:36:19.000,26.42028833,-80.15868333,2.00,4.978,-27.778,6.070,154,15,21,,
T,2026-07-24 14:36:20.000,26.42024500,-80.15865667,2.00,5.578,-27.778,5.343,150,15,21,,
T,2026-07-24 14:36:21.000,26.42021167,-80.15863833,1.90,5.578,-27.778,4.308,146,16,21,,
T,2026-07-24 14:36:22.000,26.42019000,-80.15862833,2.00,5.378,-27.778,3.410,154,16,21,,
T,2026-07-24 14:36:23.000,26.42017500,-80.15862333,1.90,5.378,-27.778,2.954,161,16,21,,
T,2026-07-24 14:36:24.000,26.42014333,-80.15861667,1.90,5.178,-27.778,2.969,162,16,21,,
T,2026-07-24 14:36:25.000,26.42011000,-80.15861500,2.00,5.078,-27.778,3.411,159,16,21,,
T,2026-07-24 14:36:26.000,26.42007333,-80.15862500,2.30,4.478,-27.778,3.139,196,16,21,,
T,2026-07-24 14:36:27.000,26.42004000,-80.15867667,2.20,4.478,-27.778,5.019,227,16,21,,
T,2026-07-24 14:36:28.000,26.42000833,-80.15872333,2.00,3.678,-27.778,5.730,227,16,21,,
T,2026-07-24 14:36:29.000,26.41997167,-80.15877500,2.00,3.778,-27.778,5.521,224,16,21,,
T,2026-07-24 14:36:30.000,26.41994000,-80.15882167,1.90,3.077,-27.777,5.612,229,16,21,,
T,2026-07-24 14:36:31.000,26.41990667,-80.15886833,2.00,1.577,-27.777,4.960,230,16,21,,
T,2026-07-24 14:36:32.000,26.41987167,-80.15891167,1.90,1.377,-27.777,5.772,227,16,21,,
T,2026-07-24 14:36:33.000,26.41983000,-80.15896167,1.80,2.677,-27.777,5.896,228,16,21,,
T,2026-07-24 14:36:34.000,26.41979167,-80.15901000,1.80,2.877,-27.777,6.056,228,16,21,,
T,2026-07-24 14:36:35.000,26.41975667,-80.15905500,1.80,3.476,-27.776,5.718,229,16,21,,
T,2026-07-24 14:36:36.000,26.41973000,-80.15909500,1.90,2.876,-27.776,5.610,228,16,21,,
T,2026-07-24 14:36:37.000,26.41970500,-80.15912833,1.90,2.576,-27.776,4.268,229,15,21,,
T,2026-07-24 14:36:38.000,26.41968167,-80.15915167,1.80,2.676,-27.776,2.817,233,16,21,,
T,2026-07-24 14:36:39.000,26.41966833,-80.15917000,1.80,2.776,-27.776,0.000,,16,21,,
T,2026-07-24 14:36:40.000,26.41966500,-80.15917500,1.90,2.876,-27.776,0.000,,15,21,,
T,2026-07-24 14:36:41.000,26.41966500,-80.15917667,1.90,3.076,-27.776,0.000,,15,21,,
T,2026-07-24 14:36:42.000,26.41966500,-80.15917667,2.00,3.076,-27.776,0.000,,15,21,,
T,2026-07-24 14:36:43.000,26.41966500,-80.15917667,1.90,3.076,-27.776,0.000,,15,21,,
T,2026-07-24 14:36:44.000,26.41966500,-80.15917667,1.90,3.076,-27.776,0.000,,15,21,,
T,2026-07-24 14:36:45.000,26.41966500,-80.15917667,1.90,3.076,-27.776,0.000,,15,21,,
T,2026-07-24 14:36:46.000,26.41966500,-80.15917667,1.10,3.076,-27.776,0.000,,15,21,,
T,2026-07-24 14:36:47.000,26.41966500,-80.15917667,1.00,3.076,-27.776,0.000,,15,21,,
T,2026-07-24 14:36:48.000,26.41966500,-80.15917667,1.00,3.076,-27.776,0.000,,15,21,,
T,2026-07-24 14:36:49.000,26.41966500,-80.15917667,1.00,3.076,-27.776,0.000,,15,21,,
T,2026-07-24 14:36:50.000,26.41966500,-80.15917667,1.10,3.076,-27.776,0.000,,15,21,,
T,2026-07-24 14:36:51.000,26.41966500,-80.15917667,1.00,3.076,-27.776,0.000,,16,21,,
T,2026-07-24 14:36:52.000,26.41966500,-80.15917667,1.00,3.076,-27.776,0.000,,16,21,,
T,2026-07-24 14:36:53.000,26.41966500,-80.15917667,1.00,3.076,-27.776,0.000,,16,21,,
T,2026-07-24 14:36:54.000,26.41966500,-80.15917667,1.00,3.076,-27.776,0.000,,16,21,,
T,2026-07-24 14:36:55.000,26.41966000,-80.15917500,1.10,3.576,-27.776,1.747,228,16,21,,
T,2026-07-24 14:36:56.000,26.41964667,-80.15919500,1.40,3.476,-27.776,1.994,231,16,21,,
T,2026-07-24 14:36:57.000,26.41963333,-80.15921500,1.60,3.576,-27.776,2.559,223,16,21,,
T,2026-07-24 14:36:58.000,26.41961167,-80.15924000,1.70,3.476,-27.776,3.210,214,16,21,,
T,2026-07-24 14:36:59.000,26.41957833,-80.15925833,1.70,3.375,-27.775,3.638,198,16,21,,
T,2026-07-24 14:37:00.000,26.41954500,-80.15926167,1.70,3.675,-27.775,4.001,184,16,21,,
T,2026-07-24 14:37:01.000,26.41951167,-80.15926167,1.70,3.375,-27.775,3.920,172,16,21,,
T,2026-07-24 14:37:02.000,26.41948167,-80.15925667,1.70,3.675,-27.775,3.527,168,16,21,,
T,2026-07-24 14:37:03.000,26.41944833,-80.15924000,1.70,3.675,-27.775,4.148,156,16,21,,
T,2026-07-24 14:37:04.000,26.41941667,-80.15920333,1.80,3.676,-27.776,4.575,148,16,21,,
T,2026-07-24 14:37:05.000,26.41938167,-80.15916500,1.90,4.076,-27.776,4.069,139,16,21,,
T,2026-07-24 14:37:06.000,26.41934667,-80.15913333,1.90,3.976,-27.776,4.197,139,16,21,,
T,2026-07-24 14:37:07.000,26.41931167,-80.15910167,1.80,3.676,-27.776,4.441,144,16,21,,
T,2026-07-24 14:37:08.000,26.41928000,-80.15907500,1.80,3.276,-27.776,4.714,146,16,21,,
T,2026-07-24 14:37:09.000,26.41924500,-80.15904667,1.80,3.276,-27.776,4.625,147,16,21,,
T,2026-07-24 14:37:10.000,26.41920833,-80.15902500,1.80,3.276,-27.776,5.090,145,16,21,,
T,2026-07-24 14:37:11.000,26.41917000,-80.15899667,1.80,3.776,-27.776,4.943,142,16,21,,
T,2026-07-24 14:37:12.000,26.41913167,-80.15896500,1.80,3.576,-27.776,4.903,143,16,21,,
T,2026-07-24 14:37:13.000,26.41909167,-80.15893833,1.80,4.277,-27.777,4.821,150,16,21,,
T,2026-07-24 14:37:14.000,26.41904833,-80.15891167,1.80,5.077,-27.777,4.849,151,16,21,,
T,2026-07-24 14:37:15.000,26.41900833,-80.15888333,1.80,5.977,-27.777,5.061,146,16,21,,
T,2026-07-24 14:37:16.000,26.41897333,-80.15885667,1.80,6.077,-27.777,4.880,145,16,21,,
T,2026-07-24 14:37:17.000,26.41893667,-80.15882667,1.80,6.677,-27.777,5.155,145,16,21,,
T,2026-07-24 14:37:18.000,26.41890167,-80.15879667,1.80,6.977,-27.777,5.126,142,16,21,,
T,2026-07-24 14:37:19.000,26.41886333,-80.15876333,1.90,6.777,-27.777,5.094,139,16,21,,
T,2026-07-24 14:37:20.000,26.41882167,-80.15872667,1.80,6.477,-27.777,5.199,139,16,21,,
T,2026-07-24 14:37:21.000,26.41878333,-80.15869667,1.90,6.477,-27.777,5.095,148,16,21,,
T,2026-07-24 14:37:22.000,26.41874167,-80.15867333,1.90,6.177,-27.777,4.833,148,16,21,,
T,2026-07-24 14:37:23.000,26.41870333,-80.15864167,1.90,5.978,-27.778,5.333,144,16,21,,
T,2026-07-24 14:37:24.000,26.41866667,-80.15861000,1.90,6.378,-27.778,5.299,146,16,21,,
T,2026-07-24 14:37:25.000,26.41862167,-80.15857667,1.90,7.178,-27.778,5.327,150,16,21,,
T,2026-07-24 14:37:26.000,26.41858167,-80.15854667,1.90,7.478,-27.778,5.194,145,16,21,,
T,2026-07-24 14:37:27.000,26.41854833,-80.15851833,1.90,7.678,-27.778,5.232,146,16,21,,
T,2026-07-24 14:37:28.000,26.41850500,-80.15848667,1.90,8.178,-27.778,5.200,144,16,21,,
T,2026-07-24 14:37:29.000,26.41846333,-80.15845333,1.90,7.878,-27.778,5.065,143,16,21,,
T,2026-07-24 14:37:30.000,26.41842500,-80.15842500,1.90,7.478,-27.778,5.625,142,16,21,,
T,2026-07-24 14:37:31.000,26.41838667,-80.15839667,1.90,6.578,-27.778,5.097,145,16,21,,
T,2026-07-24 14:37:32.000,26.41834833,-80.15836667,1.90,5.678,-27.778,5.391,146,16,21,,
T,2026-07-24 14:37:33.000,26.41831000,-80.15833500,1.80,5.479,-27.779,5.277,146,16,21,,
T,2026-07-24 14:37:34.000,26.41827167,-80.15830000,1.90,4.079,-27.779,5.312,139,16,21,,
T,2026-07-24 14:37:35.000,26.41823167,-80.15826167,1.90,3.179,-27.779,5.643,138,16,21,,
T,2026-07-24 14:37:36.000,26.41819500,-80.15822000,1.90,2.379,-27.779,5.503,144,16,21,,
T,2026-07-24 14:37:37.000,26.41815167,-80.15818500,1.90,1.879,-27.779,5.540,143,16,21,,
T,2026-07-24 14:37:38.000,26.41811667,-80.15815000,1.80,1.479,-27.779,5.654,141,16,21,,
T,2026-07-24 14:37:39.000,26.41807500,-80.15811167,1.70,1.179,-27.779,5.785,144,16,21,,
T,2026-07-24 14:37:40.000,26.41803500,-80.15807333,1.90,1.379,-27.779,6.038,142,16,21,,
T,2026-07-24 14:37:41.000,26.41799000,-80.15803500,1.90,1.980,-27.780,5.708,144,16,21,,
T,2026-07-24 14:37:42.000,26.41794500,-80.15800333,1.90,1.880,-27.780,5.901,147,15,21,,
T,2026-07-24 14:37:43.000,26.41789667,-80.15797833,1.80,2.480,-27.780,5.812,151,15,21,,
T,2026-07-24 14:37:44.000,26.41784667,-80.15795167,1.90,3.880,-27.780,5.969,153,15,21,,
T,2026-07-24 14:37:45.000,26.41779833,-80.15793000,1.80,3.880,-27.780,6.120,156,15,21,,
T,2026-07-24 14:37:46.000,26.41774833,-80.15791000,1.80,3.780,-27.780,6.128,160,16,21,,
T,2026-07-24 14:37:47.000,26.41770333,-80.15789333,1.80,3.580,-27.780,6.043,163,16,21,,
T,2026-07-24 14:37:48.000,26.41765500,-80.15787833,1.80,3.780,-27.780,5.958,162,16,21,,
T,2026-07-24 14:37:49.000,26.41760333,-80.15786000,1.80,4.180,-27.780,5.860,161,17,21,,
T,2026-07-24 14:37:50.000,26.41755167,-80.15784333,1.80,5.080,-27.780,5.574,163,17,21,,
T,2026-07-24 14:37:51.000,26.41750167,-80.15782333,1.70,5.180,-27.780,5.678,165,17,21,,
T,2026-07-24 14:37:52.000,26.41745000,-80.15781000,1.60,5.380,-27.780,5.676,167,17,21,,
T,2026-07-24 14:37:53.000,26.41739833,-80.15779167,1.60,6.280,-27.780,5.713,167,17,21,,
T,2026-07-24 14:37:54.000,26.41734833,-80.15777833,1.60,6.280,-27.780,5.738,171,17,21,,
T,2026-07-24 14:37:55.000,26.41729667,-80.15776333,1.50,6.880,-27.780,5.723,173,17,21,,
T,2026-07-24 14:37:56.000,26.41724333,-80.15775167,1.50,7.180,-27.780,5.637,171,17,21,,
T,2026-07-24 14:37:57.000,26.41719333,-80.15774167,1.50,6.880,-27.780,5.665,171,17,21,,
T,2026-07-24 14:37:58.000,26.41714500,-80.15773667,1.50,6.280,-27.780,5.406,175,17,21,,
T,2026-07-24 14:37:59.000,26.41709667,-80.15773333,1.50,5.780,-27.780,5.582,180,17,21,,
T,2026-07-24 14:38:00.000,26.41704833,-80.15773333,1.50,5.480,-27.780,5.592,181,17,21,,
T,2026-07-24 14:38:01.000,26.41700000,-80.15774000,1.80,5.280,-27.780,5.354,179,17,21,,
T,2026-07-24 14:38:02.000,26.41695000,-80.15774833,1.90,5.280,-27.780,5.604,182,17,21,,
T,2026-07-24 14:38:03.000,26.41689167,-80.15775333,1.90,4.980,-27.780,5.722,182,17,21,,
T,2026-07-24 14:38:04.000,26.41684167,-80.15775167,1.90,5.380,-27.780,5.637,189,17,21,,
T,2026-07-24 14:38:05.000,26.41679000,-80.15775333,1.90,5.180,-27.780,5.541,188,17,21,,
T,2026-07-24 14:38:06.000,26.41673833,-80.15775333,1.90,5.180,-27.780,5.682,183,17,21,,
T,2026-07-24 14:38:07.000,26.41668167,-80.15775667,1.90,5.780,-27.780,5.442,186,17,21,,
T,2026-07-24 14:38:08.000,26.41663333,-80.15776333,1.90,5.780,-27.780,5.572,189,17,21,,
T,2026-07-24 14:38:09.000,26.41658167,-80.15777333,1.90,5.180,-27.780,5.610,193,17,21,,
T,2026-07-24 14:38:10.000,26.41652667,-80.15779000,1.80,5.180,-27.780,5.742,196,17,21,,
T,2026-07-24 14:38:11.000,26.41647667,-80.15781167,1.80,5.380,-27.780,5.771,198,17,21,,
T,2026-07-24 14:38:12.000,26.41643333,-80.15783500,1.80,4.680,-27.780,5.653,203,17,21,,
T,2026-07-24 14:38:13.000,26.41638333,-80.15785333,1.90,4.379,-27.779,5.520,203,17,21,,
T,2026-07-24 14:38:14.000,26.41633667,-80.15788167,1.90,4.779,-27.779,5.875,207,17,21,,
T,2026-07-24 14:38:15.000,26.41628667,-80.15790667,1.80,5.579,-27.779,5.999,207,17,21,,
T,2026-07-24 14:38:16.000,26.41624000,-80.15793833,1.90,4.679,-27.779,6.107,208,17,21,,
T,2026-07-24 14:38:17.000,26.41619000,-80.15797167,1.80,4.379,-27.779,5.990,212,17,21,,
T,2026-07-24 14:38:18.000,26.41614000,-80.15800500,1.80,3.679,-27.779,6.000,211,17,21,,
T,2026-07-24 14:38:19.000,26.41609500,-80.15803333,1.70,2.879,-27.779,6.004,212,17,21,,
T,2026-07-24 14:38:20.000,26.41604833,-80.15807167,1.80,2.778,-27.778,6.102,212,17,21,,
T,2026-07-24 14:38:21.000,26.41600167,-80.15810833,1.80,2.978,-27.778,6.228,213,17,21,,
T,2026-07-24 14:38:22.000,26.41595667,-80.15813667,1.90,3.478,-27.778,6.062,215,17,21,,
T,2026-07-24 14:38:23.000,26.41591500,-80.15817000,1.90,4.078,-27.778,6.288,215,17,21,,
T,2026-07-24 14:38:24.000,26.41586333,-80.15820000,1.90,4.978,-27.778,6.305,216,17,21,,
T,2026-07-24 14:38:25.000,26.41581167,-80.15823000,1.90,5.178,-27.778,6.074,213,17,21,,
T,2026-07-24 14:38:26.000,26.41576500,-80.15826500,1.90,5.677,-27.777,6.044,214,17,21,,
T,2026-07-24 14:38:27.000,26.41572167,-80.15830000,1.90,5.177,-27.777,6.402,217,17,21,,
T,2026-07-24 14:38:28.000,26.41567000,-80.15833333,1.90,5.177,-27.777,6.482,216,17,21,,
T,2026-07-24 14:38:29.000,26.41562500,-80.15837667,1.90,5.277,-27.777,6.105,215,17,21,,
T,2026-07-24 14:38:30.000,26.41558333,-80.15841833,1.80,5.477,-27.777,6.265,216,17,21,,
T,2026-07-24 14:38:31.000,26.41554167,-80.15845833,1.80,6.177,-27.777,6.414,214,17,21,,
T,2026-07-24 14:38:32.000,26.41549667,-80.15849833,1.80,6.676,-27.776,6.419,216,17,21,,
T,2026-07-24 14:38:33.000,26.41544667,-80.15854000,1.80,6.876,-27.776,6.437,217,17,21,,
T,2026-07-24 14:38:34.000,26.41539500,-80.15858167,1.80,6.176,-27.776,6.467,217,17,21,,
T,2026-07-24 14:38:35.000,26.41534667,-80.15862167,1.80,5.376,-27.776,6.384,216,17,21,,
T,2026-07-24 14:38:36.000,26.41530333,-80.15866167,1.70,5.376,-27.776,6.401,217,17,21,,
T,2026-07-24 14:38:37.000,26.41525500,-80.15870000,1.80,5.775,-27.775,6.362,218,17,21,,
T,2026-07-24 14:38:38.000,26.41520667,-80.15873500,1.70,5.475,-27.775,6.227,216,17,21,,
T,2026-07-24 14:38:39.000,26.41515500,-80.15877167,1.80,5.275,-27.775,6.379,216,17,21,,
T,2026-07-24 14:38:40.000,26.41511167,-80.15881667,1.80,4.875,-27.775,6.360,217,17,21,,
T,2026-07-24 14:38:41.000,26.41506333,-80.15885000,1.80,4.875,-27.775,6.330,217,17,21,,
T,2026-07-24 14:38:42.000,26.41501833,-80.15888833,1.80,5.174,-27.774,6.325,216,17,21,,
T,2026-07-24 14:38:43.000,26.41497667,-80.15892833,1.80,5.674,-27.774,6.188,216,17,21,,
T,2026-07-24 14:38:44.000,26.41493167,-80.15896500,1.80,5.974,-27.774,6.352,216,17,21,,
T,2026-07-24 14:38:45.000,26.41488833,-80.15900000,1.80,6.074,-27.774,6.332,216,17,21,,
T,2026-07-24 14:38:46.000,26.41484500,-80.15903333,1.70,6.074,-27.774,6.137,216,17,21,,
T,2026-07-24 14:38:47.000,26.41480000,-80.15907000,1.80,6.174,-27.774,6.172,216,17,21,,
T,2026-07-24 14:38:48.000,26.41476167,-80.15911167,1.80,5.373,-27.773,5.994,218,17,21,,
T,2026-07-24 14:38:49.000,26.41471833,-80.15914500,1.80,5.273,-27.773,6.135,218,17,21,,
T,2026-07-24 14:38:50.000,26.41467500,-80.15918333,1.70,5.473,-27.773,6.133,219,17,21,,
T,2026-07-24 14:38:51.000,26.41463000,-80.15921667,1.80,5.073,-27.773,6.159,217,17,21,,
T,2026-07-24 14:38:52.000,26.41457833,-80.15925500,1.80,3.873,-27.773,6.015,216,17,21,,
T,2026-07-24 14:38:53.000,26.41453333,-80.15929500,1.80,3.173,-27.773,6.187,216,17,21,,
T,2026-07-24 14:38:54.000,26.41448333,-80.15932667,1.80,2.972,-27.772,6.172,213,17,21,,
T,2026-07-24 14:38:55.000,26.41443833,-80.15936333,1.70,3.072,-27.772,6.083,214,17,21,,
T,2026-07-24 14:38:56.000,26.41439000,-80.15939833,1.70,3.472,-27.772,6.185,216,17,21,,
T,2026-07-24 14:38:57.000,26.41434167,-80.15943000,1.80,3.372,-27.772,6.149,216,17,21,,
T,2026-07-24 14:38:58.000,26.41429833,-80.15946500,1.70,3.372,-27.772,6.034,215,17,21,,
T,2026-07-24 14:38:59.000,26.41426000,-80.15950333,1.70,3.672,-27.772,6.114,216,17,21,,
T,2026-07-24 14:39:00.000,26.41421667,-80.15953833,1.80,4.371,-27.771,6.120,217,17,21,,
T,2026-07-24 14:39:01.000,26.41417000,-80.15957667,1.70,4.471,-27.771,6.133,216,17,21,,
T,2026-07-24 14:39:02.000,26.41412167,-80.15961333,1.80,4.171,-27.771,5.985,212,17,21,,
T,2026-07-24 14:39:03.000,26.41407333,-80.15964833,1.80,3.971,-27.771,6.093,216,17,21,,
T,2026-07-24 14:39:04.000,26.41403167,-80.15968667,1.80,3.471,-27.771,6.115,217,17,21,,
T,2026-07-24 14:39:05.000,26.41398667,-80.15972167,1.80,4.270,-27.770,6.240,216,17,21,,
T,2026-07-24 14:39:06.000,26.41394333,-80.15975500,1.80,4.570,-27.770,6.261,214,17,21,,
T,2026-07-24 14:39:07.000,26.41389500,-80.15979333,1.80,4.970,-27.770,6.296,215,17,21,,
T,2026-07-24 14:39:08.000,26.41384667,-80.15982833,1.80,5.570,-27.770,6.297,216,17,21,,
T,2026-07-24 14:39:09.000,26.41379833,-80.15986667,1.80,5.770,-27.770,6.263,217,17,21,,
T,2026-07-24 14:39:10.000,26.41375667,-80.15990333,1.80,6.570,-27.770,6.168,218,17,21,,
T,2026-07-24 14:39:11.000,26.41371667,-80.15993833,1.80,6.869,-27.769,6.006,222,17,21,,
T,2026-07-24 14:39:12.000,26.41367333,-80.15997333,1.90,7.769,-27.769,5.794,223,17,21,,
T,2026-07-24 14:39:13.000,26.41362833,-80.16001167,2.00,8.469,-27.769,6.210,224,17,21,,
T,2026-07-24 14:39:14.000,26.41358833,-80.16005500,2.00,8.969,-27.769,5.737,224,17,21,,
T,2026-07-24 14:39:15.000,26.41355000,-80.16009500,1.90,8.469,-27.769,5.714,223,17,21,,
T,2026-07-24 14:39:16.000,26.41352000,-80.16013333,1.90,8.168,-27.768,4.954,228,17,21,,
T,2026-07-24 14:39:17.000,26.41349167,-80.16016833,1.90,8.568,-27.768,3.792,233,17,21,,
T,2026-07-24 14:39:18.000,26.41347833,-80.16019833,1.80,8.568,-27.768,3.156,233,17,21,,
T,2026-07-24 14:39:19.000,26.41346167,-80.16021833,1.80,8.168,-27.768,2.444,237,17,21,,
T,2026-07-24 14:39:20.000,26.41345333,-80.16024000,1.70,7.568,-27.768,2.273,241,17,21,,
T,2026-07-24 14:39:21.000,26.41344000,-80.16026167,1.70,6.768,-27.768,3.474,237,17,21,,
T,2026-07-24 14:39:22.000,26.41342000,-80.16029333,1.70,6.368,-27.768,4.196,239,17,21,,
T,2026-07-24 14:39:23.000,26.41339833,-80.16034167,1.70,6.768,-27.768,4.907,239,17,21,,
T,2026-07-24 14:39:24.000,26.41337833,-80.16039000,1.80,6.867,-27.767,4.888,238,17,21,,
T,2026-07-24 14:39:25.000,26.41335833,-80.16043667,1.80,7.367,-27.767,5.227,245,17,21,,
T,2026-07-24 14:39:26.000,26.41333333,-80.16048500,1.90,7.267,-27.767,5.660,234,17,21,,
T,2026-07-24 14:39:27.000,26.41329833,-80.16052833,1.90,7.967,-27.767,5.915,235,17,21,,
T,2026-07-24 14:39:28.000,26.41326833,-80.16057833,1.90,8.167,-27.767,5.793,237,17,21,,
T,2026-07-24 14:39:29.000,26.41323833,-80.16062833,1.90,7.566,-27.766,6.049,239,17,21,,
T,2026-07-24 14:39:30.000,26.41321333,-80.16067667,1.90,7.666,-27.766,5.672,240,17,21,,
T,2026-07-24 14:39:31.000,26.41318667,-80.16072833,1.90,7.666,-27.766,5.894,239,17,21,,
T,2026-07-24 14:39:32.000,26.41315167,-80.16077667,1.90,6.766,-27.766,5.886,239,17,21,,
T,2026-07-24 14:39:33.000,26.41312667,-80.16082833,1.90,6.465,-27.765,5.569,240,17,21,,
T,2026-07-24 14:39:34.000,26.41310000,-80.16087833,1.80,6.565,-27.765,4.989,253,17,21,,
T,2026-07-24 14:39:35.000,26.41307833,-80.16093167,1.80,6.265,-27.765,5.144,257,17,21,,
T,2026-07-24 14:39:36.000,26.41305167,-80.16098667,1.80,5.765,-27.765,6.051,240,17,21,,
T,2026-07-24 14:39:37.000,26.41302500,-80.16104167,1.80,5.364,-27.764,5.969,237,17,21,,
T,2026-07-24 14:39:38.000,26.41299667,-80.16109500,1.80,5.364,-27.764,5.791,238,17,21,,
T,2026-07-24 14:39:39.000,26.41297333,-80.16115000,1.70,5.864,-27.764,5.626,240,17,21,,
T,2026-07-24 14:39:40.000,26.41295000,-80.16119833,1.80,5.664,-27.764,5.404,242,16,21,,
T,2026-07-24 14:39:41.000,26.41292667,-80.16123833,1.80,4.964,-27.764,4.986,238,16,20,,
T,2026-07-24 14:39:42.000,26.41290000,-80.16127833,1.70,4.163,-27.763,4.306,237,16,20,,
T,2026-07-24 14:39:43.000,26.41288000,-80.16130667,1.70,3.763,-27.763,3.492,238,16,20,,
T,2026-07-24 14:39:44.000,26.41286500,-80.16133000,1.70,3.163,-27.763,2.810,242,16,20,,
T,2026-07-24 14:39:45.000,26.41285667,-80.16135333,1.70,2.363,-27.763,2.498,252,16,20,,
T,2026-07-24 14:39:46.000,26.41284667,-80.16137667,1.70,2.463,-27.763,2.246,255,16,20,,
T,2026-07-24 14:39:47.000,26.41284167,-80.16140000,1.70,2.563,-27.763,2.652,258,16,20,,
T,2026-07-24 14:39:48.000,26.41284167,-80.16143333,1.80,3.163,-27.763,3.105,276,16,20,,
T,2026-07-24 14:39:49.000,26.41286667,-80.16147333,1.80,3.863,-27.763,4.056,308,16,20,,
T,2026-07-24 14:39:50.000,26.41289667,-80.16150500,1.90,4.462,-27.762,4.093,312,16,20,,
T,2026-07-24 14:39:51.000,26.41294167,-80.16153667,1.90,5.062,-27.762,4.880,322,16,20,,
T,2026-07-24 14:39:52.000,26.41298667,-80.16157167,1.80,5.562,-27.762,5.071,324,16,20,,
T,2026-07-24 14:39:53.000,26.41302667,-80.16160500,1.80,6.262,-27.762,5.100,324,16,20,,
T,2026-07-24 14:39:54.000,26.41306167,-80.16163333,1.80,6.362,-27.762,5.127,318,16,20,,
T,2026-07-24 14:39:55.000,26.41309667,-80.16165833,1.90,6.362,-27.762,5.154,319,16,20,,
T,2026-07-24 14:39:56.000,26.41313333,-80.16169167,1.80,6.262,-27.762,5.460,322,16,20,,
T,2026-07-24 14:39:57.000,26.41317333,-80.16172667,1.80,5.962,-27.762,5.625,323,16,20,,
T,2026-07-24 14:39:58.000,26.41321000,-80.16175500,1.90,5.362,-27.762,5.496,323,16,20,,
T,2026-07-24 14:39:59.000,26.41325167,-80.16179333,1.80,4.662,-27.762,5.526,322,16,20,,
T,2026-07-24 14:40:00.000,26.41329667,-80.16183000,1.80,3.761,-27.761,5.520,321,16,20,,
T,2026-07-24 14:40:01.000,26.41333833,-80.16187333,1.80,3.461,-27.761,5.912,317,16,20,,
T,2026-07-24 14:40:02.000,26.41337833,-80.16191167,1.80,3.161,-27.761,5.890,317,16,20,,
T,2026-07-24 14:40:03.000,26.41341167,-80.16195167,1.80,2.761,-27.761,5.788,319,16,20,,
T,2026-07-24 14:40:04.000,26.41344500,-80.16199333,1.80,2.861,-27.761,6.092,317,16,20,,
T,2026-07-24 14:40:05.000,26.41348500,-80.16203333,1.80,2.361,-27.761,5.996,316,16,20,,
T,2026-07-24 14:40:06.000,26.41352000,-80.16207167,1.80,2.261,-27.761,5.688,315,16,20,,
T,2026-07-24 14:40:07.000,26.41355833,-80.16211333,1.80,1.860,-27.760,6.027,315,16,20,,
T,2026-07-24 14:40:08.000,26.41359333,-80.16215500,1.80,1.860,-27.760,5.722,317,16,20,,
T,2026-07-24 14:40:09.000,26.41363667,-80.16219667,1.80,1.760,-27.760,5.613,313,16,20,,
T,2026-07-24 14:40:10.000,26.41367667,-80.16223833,1.80,1.660,-27.760,5.903,311,16,20,,
T,2026-07-24 14:40:11.000,26.41371667,-80.16228833,1.70,1.660,-27.760,6.154,311,16,20,,
T,2026-07-24 14:40:12.000,26.41375500,-80.16233833,1.80,2.760,-27.760,6.049,312,16,20,,
T,2026-07-24 14:40:13.000,26.41379000,-80.16237667,1.80,2.959,-27.759,6.087,310,16,20,,
T,2026-07-24 14:40:14.000,26.41382667,-80.16242500,1.80,3.259,-27.759,6.249,309,16,20,,
T,2026-07-24 14:40:15.000,26.41385500,-80.16247333,1.80,3.359,-27.759,5.964,308,16,20,,
T,2026-07-24 14:40:16.000,26.41388500,-80.16252333,1.90,3.159,-27.759,6.186,308,15,20,,
T,2026-07-24 14:40:17.000,26.41392000,-80.16257667,1.90,3.559,-27.759,6.054,304,15,20,,
T,2026-07-24 14:40:18.000,26.41394667,-80.16262500,1.90,3.458,-27.758,6.251,305,16,20,,
T,2026-07-24 14:40:19.000,26.41398333,-80.16267333,1.90,3.658,-27.758,6.264,307,16,20,,
T,2026-07-24 14:40:20.000,26.41401667,-80.16272333,1.90,3.158,-27.758,6.288,303,16,20,,
T,2026-07-24 14:40:21.000,26.41404667,-80.16277333,1.90,2.258,-27.758,6.279,304,16,20,,
T,2026-07-24 14:40:22.000,26.41407667,-80.16281667,1.80,1.958,-27.758,6.274,305,16,20,,
T,2026-07-24 14:40:23.000,26.41410667,-80.16286667,1.80,1.558,-27.758,6.249,301,16,20,,
T,2026-07-24 14:40:24.000,26.41413333,-80.16292000,1.90,2.157,-27.757,6.252,300,16,20,,
T,2026-07-24 14:40:25.000,26.41416000,-80.16297500,1.80,2.257,-27.757,6.404,301,16,20,,
T,2026-07-24 14:40:26.000,26.41419000,-80.16303167,1.80,2.057,-27.757,6.541,306,16,20,,
T,2026-07-24 14:40:27.000,26.41422167,-80.16308833,1.80,1.957,-27.757,6.026,297,16,20,,
T,2026-07-24 14:40:28.000,26.41424667,-80.16314500,1.80,2.556,-27.756,6.212,299,16,20,,
T,2026-07-24 14:40:29.000,26.41426667,-80.16319833,1.90,3.056,-27.756,6.474,301,16,20,,
T,2026-07-24 14:40:30.000,26.41429000,-80.16324833,1.90,2.956,-27.756,6.236,304,16,20,,
T,2026-07-24 14:40:31.000,26.41431333,-80.16328833,1.90,2.656,-27.756,5.122,304,16,20,,
T,2026-07-24 14:40:32.000,26.41433667,-80.16332333,1.90,2.656,-27.756,4.208,305,16,20,,
T,2026-07-24 14:40:33.000,26.41435167,-80.16335000,1.90,2.756,-27.756,2.604,303,16,20,,
T,2026-07-24 14:40:34.000,26.41435500,-80.16336667,1.80,2.956,-27.756,1.962,303,16,20,,
T,2026-07-24 14:40:35.000,26.41436333,-80.16337833,1.80,3.356,-27.756,1.650,301,16,20,,
T,2026-07-24 14:40:36.000,26.41436833,-80.16338667,1.80,3.456,-27.756,1.815,304,16,20,,
T,2026-07-24 14:40:37.000,26.41438500,-80.16340833,1.80,2.955,-27.755,2.768,315,16,20,,
T,2026-07-24 14:40:38.000,26.41440500,-80.16342833,1.80,2.755,-27.755,3.371,324,16,20,,
T,2026-07-24 14:40:39.000,26.41443500,-80.16345667,1.90,2.655,-27.755,3.743,329,16,20,,
T,2026-07-24 14:40:40.000,26.41447333,-80.16347333,2.00,2.755,-27.755,4.358,347,16,20,,
T,2026-07-24 14:40:41.000,26.41451833,-80.16347000,1.90,2.855,-27.755,4.569,5,16,20,,
T,2026-07-24 14:40:42.000,26.41456333,-80.16345500,1.90,2.455,-27.755,4.449,15,16,20,,
T,2026-07-24 14:40:43.000,26.41460167,-80.16343333,1.90,2.056,-27.756,4.470,25,16,20,,
T,2026-07-24 14:40:44.000,26.41463500,-80.16340333,1.80,1.556,-27.756,4.831,29,16,20,,
T,2026-07-24 14:40:45.000,26.41467167,-80.16337667,1.80,1.456,-27.756,6.313,21,16,21,,
T,2026-07-24 14:40:46.000,26.41470667,-80.16334667,1.90,1.356,-27.756,5.252,33,16,21,,
T,2026-07-24 14:40:47.000,26.41474000,-80.16331833,1.90,1.056,-27.756,5.214,41,16,21,,
T,2026-07-24 14:40:48.000,26.41476833,-80.16328667,1.90,0.656,-27.756,4.743,42,16,21,,
T,2026-07-24 14:40:49.000,26.41480000,-80.16325500,1.90,0.456,-27.756,4.266,40,16,21,,
T,2026-07-24 14:40:50.000,26.41482833,-80.16322667,1.90,-0.244,-27.756,4.242,46,16,21,,
T,2026-07-24 14:40:51.000,26.41485333,-80.16319667,1.90,-1.243,-27.757,4.615,47,16,21,,
T,2026-07-24 14:40:52.000,26.41487833,-80.16316167,1.90,-1.943,-27.757,4.612,45,16,21,,
T,2026-07-24 14:40:53.000,26.41491500,-80.16313167,1.80,-2.543,-27.757,4.757,37,16,21,,
T,2026-07-24 14:40:54.000,26.41495167,-80.16310500,1.80,-2.943,-27.757,4.766,30,16,21,,
T,2026-07-24 14:40:55.000,26.41499333,-80.16308833,1.90,-3.043,-27.757,4.781,22,16,21,,
T,2026-07-24 14:40:56.000,26.41503667,-80.16307167,1.80,-2.943,-27.757,4.907,18,16,21,,
T,2026-07-24 14:40:57.000,26.41507667,-80.16305167,1.80,-2.443,-27.757,4.914,17,16,21,,
T,2026-07-24 14:40:58.000,26.41511833,-80.16303500,1.80,-2.143,-27.757,4.997,10,16,21,,
T,2026-07-24 14:40:59.000,26.41516333,-80.16302833,1.80,-1.643,-27.757,5.077,5,16,21,,
T,2026-07-24 14:41:00.000,26.41520833,-80.16302000,1.90,-1.442,-27.758,4.903,1,16,21,,
T,2026-07-24 14:41:01.000,26.41525333,-80.16302500,1.90,-0.742,-27.758,4.869,353,16,21,,
T,2026-07-24 14:41:02.000,26.41530000,-80.16303333,1.90,-0.242,-27.758,4.856,348,16,21,,
T,2026-07-24 14:41:03.000,26.41534667,-80.16304667,1.90,0.158,-27.758,4.979,343,16,21,,
T,2026-07-24 14:41:04.000,26.41538500,-80.16306000,1.90,0.657,-27.757,4.650,338,16,21,,
T,2026-07-24 14:41:05.000,26.41542500,-80.16307167,1.90,0.957,-27.757,4.494,342,16,21,,
T,2026-07-24 14:41:06.000,26.41546667,-80.16308000,2.00,0.857,-27.757,4.501,352,16,21,,
T,2026-07-24 14:41:07.000,26.41550333,-80.16308333,2.00,1.257,-27.757,4.639,4,16,21,,
T,2026-07-24 14:41:08.000,26.41554000,-80.16307667,1.90,1.057,-27.757,4.529,10,16,21,,
T,2026-07-24 14:41:09.000,26.41558167,-80.16307667,1.90,0.958,-27.758,3.988,0,16,21,,
T,2026-07-24 14:41:10.000,26.41561667,-80.16308000,1.90,1.358,-27.758,3.602,352,16,21,,
T,2026-07-24 14:41:11.000,26.41564667,-80.16309667,1.90,2.057,-27.757,3.415,334,16,21,,
T,2026-07-24 14:41:12.000,26.41567333,-80.16312333,1.80,2.857,-27.757,3.013,314,16,21,,
T,2026-07-24 14:41:13.000,26.41568333,-80.16314333,1.90,3.357,-27.757,2.510,301,16,21,,
T,2026-07-24 14:41:14.000,26.41569333,-80.16317333,1.80,3.357,-27.757,2.278,284,16,21,,
T,2026-07-24 14:41:15.000,26.41569500,-80.16319333,1.80,3.557,-27.757,2.009,272,16,21,,
T,2026-07-24 14:41:16.000,26.41569667,-80.16321333,1.70,3.857,-27.757,1.673,268,16,21,,
T,2026-07-24 14:41:17.000,26.41569500,-80.16322500,1.70,3.757,-27.757,1.263,268,16,21,,
T,2026-07-24 14:41:18.000,26.41569500,-80.16323333,1.70,3.257,-27.757,0.000,,16,21,,
T,2026-07-24 14:41:19.000,26.41569500,-80.16324333,1.80,3.257,-27.757,0.000,,16,21,,
T,2026-07-24 14:41:20.000,26.41569667,-80.16325833,1.80,3.057,-27.757,1.428,268,16,21,,
T,2026-07-24 14:41:21.000,26.41570000,-80.16327667,1.80,3.357,-27.757,1.790,272,16,21,,
T,2026-07-24 14:41:22.000,26.41570333,-80.16330000,1.80,4.457,-27.757,1.807,278,16,21,,
T,2026-07-24 14:41:23.000,26.41571333,-80.16331667,1.70,4.557,-27.757,1.893,311,16,21,,
T,2026-07-24 14:41:24.000,26.41572667,-80.16332667,1.70,4.957,-27.757,1.590,322,16,21,,
T,2026-07-24 14:41:25.000,26.41574500,-80.16333333,1.80,5.457,-27.757,1.613,356,16,21,,
T,2026-07-24 14:41:26.000,26.41575500,-80.16333000,1.80,5.657,-27.757,1.600,7,16,21,,
T,2026-07-24 14:41:27.000,26.41576667,-80.16332333,1.70,5.857,-27.757,1.453,7,16,21,,
T,2026-07-24 14:41:28.000,26.41578000,-80.16331833,1.70,5.857,-27.757,1.289,7,16,21,,
T,2026-07-24 14:41:29.000,26.41579000,-80.16331333,1.70,5.957,-27.757,1.034,7,16,21,,
T,2026-07-24 14:41:30.000,26.41580000,-80.16331000,1.80,6.057,-27.757,0.000,,16,21,,
T,2026-07-24 14:41:31.000,26.41580667,-80.16330833,2.00,6.457,-27.757,0.000,,16,21,,
T,2026-07-24 14:41:32.000,26.41581500,-80.16330333,1.90,6.257,-27.757,1.331,7,16,21,,
T,2026-07-24 14:41:33.000,26.41581667,-80.16330667,1.90,6.657,-27.757,0.000,,16,21,,
T,2026-07-24 14:41:34.000,26.41581667,-80.16330500,1.90,6.857,-27.757,0.000,,16,21,,
T,2026-07-24 14:41:35.000,26.41581667,-80.16330500,2.00,6.957,-27.757,0.000,,16,21,,
T,2026-07-24 14:41:36.000,26.41581667,-80.16330500,2.00,6.957,-27.757,0.000,,16,21,,
T,2026-07-24 14:41:37.000,26.41581667,-80.16330500,2.00,6.957,-27.757,0.000,,16,21,,
T,2026-07-24 14:41:38.000,26.41584000,-80.16329000,1.80,7.657,-27.757,1.819,30,16,21,,
T,2026-07-24 14:41:39.000,26.41585167,-80.16329167,1.80,8.257,-27.757,1.097,30,16,21,,
T,2026-07-24 14:41:40.000,26.41586167,-80.16330833,1.80,9.357,-27.757,1.287,30,16,21,,
T,2026-07-24 14:41:41.000,26.41587000,-80.16332333,1.80,9.857,-27.757,1.289,30,15,21,,
T,2026-07-24 14:41:42.000,26.41587500,-80.16333833,1.80,10.157,-27.757,1.295,30,16,21,,
T,2026-07-24 14:41:43.000,26.41587500,-80.16335500,1.80,10.157,-27.757,1.186,30,15,21,,
T,2026-07-24 14:41:44.000,26.41587333,-80.16336833,2.00,10.056,-27.756,0.000,,16,21,,
T,2026-07-24 14:41:45.000,26.41587667,-80.16337833,2.20,10.056,-27.756,0.000,,16,20,,
T,2026-07-24 14:41:46.000,26.41588000,-80.16338333,2.30,10.156,-27.756,0.000,,16,20,,
T,2026-07-24 14:41:47.000,26.41588000,-80.16338333,2.40,10.156,-27.756,0.000,,16,20,,
T,2026-07-24 14:41:48.000,26.41588000,-80.16338333,2.40,10.156,-27.756,0.000,,16,20,,
T,2026-07-24 14:41:49.000,26.41588000,-80.16338333,2.50,10.156,-27.756,0.000,,16,20,,
T,2026-07-24 14:41:50.000,26.41588000,-80.16338333,2.50,10.156,-27.756,0.000,,16,20,,
T,2026-07-24 14:41:51.000,26.41588000,-80.16338333,2.60,10.156,-27.756,0.000,,16,20,,
T,2026-07-24 14:41:52.000,26.41588000,-80.16338333,1.20,10.156,-27.756,0.000,,16,20,,
T,2026-07-24 14:41:53.000,26.41588000,-80.16338333,1.10,10.156,-27.756,0.000,,16,20,,
T,2026-07-24 14:41:54.000,26.41588000,-80.16338333,1.10,10.156,-27.756,0.000,,16,20,,
T,2026-07-24 14:41:55.000,26.41588000,-80.16338333,1.10,10.156,-27.756,0.000,,16,20,,
T,2026-07-24 14:41:56.000,26.41588000,-80.16338333,1.40,10.156,-27.756,0.000,,16,20,,
T,2026-07-24 14:41:57.000,26.41588000,-80.16338333,1.60,10.156,-27.756,0.000,,16,20,,
T,2026-07-24 14:41:58.000,26.41588000,-80.16338333,1.70,10.156,-27.756,0.000,,16,20,,
