type,date time,latitude,longitude,accuracy(m),altitude(m),geoid_height(m),speed(m/s),bearing(deg),sat_used,sat_inview,name,desc
W,2026-07-24 17:09:26.000,26.41657667,-80.17004167,1.70,9.829,-27.729,0.100,33,13,16,,Station3
W,2026-07-24 17:23:28.000,26.40990167,-80.16668167,1.80,12.039,-27.739,0.000,,15,19,,Station4
T,2026-07-24 17:09:22.000,26.41657500,-80.17003333,1.90,8.429,-27.729,0.095,292,13,16,20260724-130922,GPS Logger: 20260724-130922 - ST3-4
T,2026-07-24 17:09:23.000,26.41657667,-80.17003500,1.80,8.929,-27.729,0.106,350,13,16,,
T,2026-07-24 17:09:24.000,26.41657500,-80.17003667,1.80,9.529,-27.729,0.251,358,13,16,,
T,2026-07-24 17:09:25.000,26.41657500,-80.17004000,1.70,9.829,-27.729,0.164,347,13,16,,
T,2026-07-24 17:09:26.000,26.41657667,-80.17004167,1.70,9.829,-27.729,0.100,33,13,16,,
T,2026-07-24 17:09:27.000,26.41657667,-80.17004667,1.70,10.029,-27.729,0.139,202,13,16,,
T,2026-07-24 17:09:28.000,26.41658167,-80.17004667,1.60,9.929,-27.729,0.250,22,13,16,,
T,2026-07-24 17:09:29.000,26.41659000,-80.17004667,1.60,9.829,-27.729,0.274,35,13,16,,
T,2026-07-24 17:09:30.000,26.41659500,-80.17004667,1.60,9.729,-27.729,0.163,12,13,16,,
T,2026-07-24 17:09:31.000,26.41659833,-80.17004667,1.60,9.729,-27.729,0.137,3,13,16,,
T,2026-07-24 17:09:32.000,26.41660167,-80.17004833,1.60,9.829,-27.729,0.054,5,13,16,,
T,2026-07-24 17:09:33.000,26.41660333,-80.17004833,1.50,9.829,-27.729,0.067,149,13,16,,
T,2026-07-24 17:09:34.000,26.41660333,-80.17005000,1.50,9.929,-27.729,0.012,60,13,16,,
T,2026-07-24 17:09:35.000,26.41660667,-80.17005000,1.50,10.029,-27.729,0.439,29,13,16,,
T,2026-07-24 17:09:36.000,26.41661000,-80.17005000,1.60,10.229,-27.729,0.238,3,13,16,,
T,2026-07-24 17:09:37.000,26.41661000,-80.17005167,1.60,10.129,-27.729,0.202,14,13,16,,
T,2026-07-24 17:09:38.000,26.41661333,-80.17005167,1.70,10.029,-27.729,0.197,204,13,16,,
T,2026-07-24 17:09:39.000,26.41661167,-80.17005500,1.70,9.829,-27.729,0.187,171,13,16,,
T,2026-07-24 17:09:40.000,26.41661000,-80.17005667,1.70,9.629,-27.729,0.176,204,13,16,,
T,2026-07-24 17:09:41.000,26.41660833,-80.17005667,1.70,9.529,-27.729,0.171,186,13,16,,
T,2026-07-24 17:09:42.000,26.41660833,-80.17005667,1.70,9.429,-27.729,0.177,158,13,16,,
T,2026-07-24 17:09:43.000,26.41660833,-80.17005667,1.70,9.329,-27.729,0.174,123,13,16,,
T,2026-07-24 17:09:44.000,26.41660667,-80.17005667,1.70,9.329,-27.729,0.178,358,13,16,,
T,2026-07-24 17:09:45.000,26.41660667,-80.17005667,1.70,9.329,-27.729,0.138,139,13,16,,
T,2026-07-24 17:09:46.000,26.41660667,-80.17005667,1.70,9.329,-27.729,0.119,20,13,16,,
T,2026-07-24 17:09:47.000,26.41660500,-80.17005500,1.70,9.329,-27.729,0.093,117,13,16,,
T,2026-07-24 17:09:48.000,26.41660167,-80.17005333,1.70,9.429,-27.729,0.000,,13,16,,
T,2026-07-24 17:09:49.000,26.41659833,-80.17005333,1.70,9.529,-27.729,0.000,,13,16,,
T,2026-07-24 17:09:50.000,26.41659500,-80.17005167,1.70,9.629,-27.729,0.000,,13,16,,
T,2026-07-24 17:09:51.000,26.41659500,-80.17005167,1.70,9.629,-27.729,0.000,,13,16,,
T,2026-07-24 17:09:52.000,26.41659500,-80.17005167,1.70,9.629,-27.729,0.000,,13,16,,
T,2026-07-24 17:09:53.000,26.41659500,-80.17005167,1.70,9.629,-27.729,0.000,,13,16,,
T,2026-07-24 17:09:54.000,26.41659500,-80.17005167,1.70,9.629,-27.729,0.000,,13,16,,
T,2026-07-24 17:09:55.000,26.41659500,-80.17005167,1.70,9.629,-27.729,0.000,,13,16,,
T,2026-07-24 17:09:56.000,26.41659500,-80.17005167,1.70,9.629,-27.729,0.000,,13,16,,
T,2026-07-24 17:09:57.000,26.41659500,-80.17005167,1.70,9.629,-27.729,0.000,,13,16,,
T,2026-07-24 17:09:58.000,26.41659500,-80.17005167,1.70,9.629,-27.729,0.000,,13,16,,
T,2026-07-24 17:09:59.000,26.41659500,-80.17005167,1.70,9.629,-27.729,0.000,,13,16,,
T,2026-07-24 17:10:00.000,26.41659500,-80.17005167,1.70,9.629,-27.729,0.000,,13,16,,
T,2026-07-24 17:10:01.000,26.41659500,-80.17005167,1.80,9.629,-27.729,0.000,,13,16,,
T,2026-07-24 17:10:02.000,26.41658667,-80.17006167,1.90,8.629,-27.729,0.300,195,13,16,,
T,2026-07-24 17:10:03.000,26.41658667,-80.17006167,2.00,8.329,-27.729,0.000,,13,16,,
T,2026-07-24 17:10:04.000,26.41659000,-80.17006333,1.90,8.129,-27.729,0.000,,13,16,,
T,2026-07-24 17:10:05.000,26.41659167,-80.17006333,1.90,8.029,-27.729,0.000,,13,16,,
T,2026-07-24 17:10:06.000,26.41659167,-80.17006333,2.00,8.029,-27.729,0.000,,13,16,,
T,2026-07-24 17:10:07.000,26.41659167,-80.17006333,1.90,8.029,-27.729,0.000,,12,16,,
T,2026-07-24 17:10:08.000,26.41659167,-80.17006333,2.00,8.029,-27.729,0.000,,12,16,,
T,2026-07-24 17:10:09.000,26.41659167,-80.17006333,2.00,8.029,-27.729,0.000,,12,16,,
T,2026-07-24 17:10:10.000,26.41659167,-80.17006333,1.90,8.029,-27.729,0.000,,12,16,,
T,2026-07-24 17:10:11.000,26.41659167,-80.17006333,1.80,8.029,-27.729,0.000,,13,16,,
T,2026-07-24 17:10:12.000,26.41659167,-80.17006333,1.80,8.029,-27.729,0.000,,13,16,,
T,2026-07-24 17:10:13.000,26.41659167,-80.17006333,1.70,8.029,-27.729,0.000,,13,16,,
T,2026-07-24 17:10:14.000,26.41659167,-80.17006333,1.70,8.029,-27.729,0.000,,13,16,,
T,2026-07-24 17:10:15.000,26.41659167,-80.17006333,1.70,8.029,-27.729,0.000,,13,16,,
T,2026-07-24 17:10:16.000,26.41659167,-80.17006333,1.70,8.029,-27.729,0.000,,13,16,,
T,2026-07-24 17:10:17.000,26.41659167,-80.17006333,1.70,8.029,-27.729,0.000,,13,16,,
T,2026-07-24 17:10:18.000,26.41659167,-80.17006333,1.70,8.029,-27.729,0.000,,13,16,,
T,2026-07-24 17:10:19.000,26.41659167,-80.17006333,1.60,8.029,-27.729,0.000,,13,16,,
T,2026-07-24 17:10:20.000,26.41659167,-80.17006333,1.70,8.029,-27.729,0.000,,13,16,,
T,2026-07-24 17:10:21.000,26.41659167,-80.17006333,1.70,8.029,-27.729,0.000,,13,16,,
T,2026-07-24 17:10:22.000,26.41659167,-80.17006333,1.70,8.029,-27.729,0.000,,13,16,,
T,2026-07-24 17:10:23.000,26.41659167,-80.17006333,1.70,8.029,-27.729,0.000,,13,16,,
T,2026-07-24 17:10:24.000,26.41659167,-80.17006333,1.80,8.029,-27.729,0.000,,13,16,,
T,2026-07-24 17:10:25.000,26.41659167,-80.17006333,2.00,8.029,-27.729,0.000,,13,16,,
T,2026-07-24 17:10:26.000,26.41659167,-80.17006333,2.00,8.029,-27.729,0.000,,13,16,,
T,2026-07-24 17:10:27.000,26.41659167,-80.17006333,2.00,8.029,-27.729,0.000,,13,16,,
T,2026-07-24 17:10:28.000,26.41659167,-80.17006333,2.00,8.029,-27.729,0.000,,13,16,,
T,2026-07-24 17:10:29.000,26.41659167,-80.17006333,1.90,8.029,-27.729,0.000,,13,16,,
T,2026-07-24 17:10:30.000,26.41659167,-80.17006333,1.80,8.029,-27.729,0.000,,13,16,,
T,2026-07-24 17:10:31.000,26.41659167,-80.17006333,1.70,8.029,-27.729,0.000,,13,16,,
T,2026-07-24 17:10:32.000,26.41659167,-80.17006333,1.70,8.029,-27.729,0.000,,13,16,,
T,2026-07-24 17:10:33.000,26.41659167,-80.17006333,1.80,8.029,-27.729,0.000,,13,16,,
T,2026-07-24 17:10:34.000,26.41659167,-80.17006333,1.70,8.029,-27.729,0.000,,13,16,,
T,2026-07-24 17:10:35.000,26.41659167,-80.17006333,1.70,8.029,-27.729,0.000,,13,17,,
T,2026-07-24 17:10:36.000,26.41659167,-80.17006333,1.70,8.029,-27.729,0.000,,13,17,,
T,2026-07-24 17:10:37.000,26.41659167,-80.17006333,1.80,8.029,-27.729,0.000,,13,17,,
T,2026-07-24 17:10:38.000,26.41659167,-80.17006333,1.70,8.029,-27.729,0.000,,13,17,,
T,2026-07-24 17:10:39.000,26.41659167,-80.17006333,1.70,8.029,-27.729,0.000,,13,17,,
T,2026-07-24 17:10:40.000,26.41659167,-80.17006333,1.70,8.029,-27.729,0.000,,13,17,,
T,2026-07-24 17:10:41.000,26.41659167,-80.17006333,1.70,8.029,-27.729,0.000,,13,17,,
T,2026-07-24 17:10:42.000,26.41659167,-80.17006333,1.80,8.029,-27.729,0.000,,13,17,,
T,2026-07-24 17:10:43.000,26.41659167,-80.17006333,1.70,8.029,-27.729,0.000,,13,17,,
T,2026-07-24 17:10:44.000,26.41659167,-80.17006333,1.70,8.029,-27.729,0.000,,13,17,,
T,2026-07-24 17:10:45.000,26.41659167,-80.17006333,1.70,8.029,-27.729,0.000,,13,17,,
T,2026-07-24 17:10:46.000,26.41659167,-80.17006333,1.70,8.029,-27.729,0.000,,13,17,,
T,2026-07-24 17:10:47.000,26.41659167,-80.17006333,1.70,8.029,-27.729,0.000,,13,17,,
T,2026-07-24 17:10:48.000,26.41659167,-80.17006333,1.60,8.029,-27.729,0.000,,13,17,,
T,2026-07-24 17:10:49.000,26.41659167,-80.17006333,1.60,8.029,-27.729,0.000,,13,17,,
T,2026-07-24 17:10:50.000,26.41659167,-80.17006333,1.60,8.029,-27.729,0.000,,13,17,,
T,2026-07-24 17:10:51.000,26.41659167,-80.17006333,1.60,8.029,-27.729,0.000,,13,17,,
T,2026-07-24 17:10:52.000,26.41659167,-80.17006333,1.60,8.029,-27.729,0.000,,13,17,,
T,2026-07-24 17:10:53.000,26.41659167,-80.17006333,1.60,8.029,-27.729,0.000,,13,17,,
T,2026-07-24 17:10:54.000,26.41659167,-80.17006333,1.50,8.029,-27.729,0.000,,13,17,,
T,2026-07-24 17:10:55.000,26.41659167,-80.17006333,1.50,8.029,-27.729,0.000,,13,17,,
T,2026-07-24 17:10:56.000,26.41659167,-80.17006333,1.60,8.029,-27.729,0.000,,13,17,,
T,2026-07-24 17:10:57.000,26.41659167,-80.17006333,1.60,8.029,-27.729,0.000,,13,17,,
T,2026-07-24 17:10:58.000,26.41659167,-80.17006333,1.50,8.029,-27.729,0.000,,13,17,,
T,2026-07-24 17:10:59.000,26.41659167,-80.17006333,1.50,8.029,-27.729,0.000,,13,17,,
T,2026-07-24 17:11:00.000,26.41659167,-80.17006333,1.60,8.029,-27.729,0.000,,13,17,,
T,2026-07-24 17:11:01.000,26.41659167,-80.17006333,1.60,8.029,-27.729,0.000,,13,17,,
T,2026-07-24 17:11:02.000,26.41659167,-80.17006333,1.70,8.029,-27.729,0.000,,13,17,,
T,2026-07-24 17:11:03.000,26.41659167,-80.17006333,1.70,8.029,-27.729,0.000,,13,17,,
T,2026-07-24 17:11:04.000,26.41659167,-80.17006333,1.80,8.029,-27.729,0.000,,13,17,,
T,2026-07-24 17:11:05.000,26.41659167,-80.17006333,1.70,8.029,-27.729,0.000,,13,17,,
T,2026-07-24 17:11:06.000,26.41659167,-80.17006333,1.70,8.029,-27.729,0.000,,13,17,,
T,2026-07-24 17:11:07.000,26.41659167,-80.17006333,1.70,8.029,-27.729,0.000,,13,17,,
T,2026-07-24 17:11:08.000,26.41659167,-80.17006333,1.80,8.029,-27.729,0.000,,13,17,,
T,2026-07-24 17:11:09.000,26.41659167,-80.17006333,1.70,8.029,-27.729,0.000,,13,17,,
T,2026-07-24 17:11:10.000,26.41659167,-80.17006333,1.70,8.029,-27.729,0.000,,13,17,,
T,2026-07-24 17:11:11.000,26.41659167,-80.17006333,1.70,8.029,-27.729,0.000,,13,17,,
T,2026-07-24 17:11:12.000,26.41659167,-80.17006333,1.70,8.029,-27.729,0.000,,13,17,,
T,2026-07-24 17:11:13.000,26.41659167,-80.17006333,1.70,8.029,-27.729,0.000,,13,17,,
T,2026-07-24 17:11:14.000,26.41659167,-80.17006333,1.70,8.029,-27.729,0.000,,13,17,,
T,2026-07-24 17:11:15.000,26.41659167,-80.17006333,1.70,8.029,-27.729,0.000,,13,17,,
T,2026-07-24 17:11:16.000,26.41659167,-80.17006333,1.70,8.029,-27.729,0.000,,13,17,,
T,2026-07-24 17:11:17.000,26.41659167,-80.17006333,1.70,8.029,-27.729,0.000,,13,17,,
T,2026-07-24 17:11:18.000,26.41659167,-80.17006333,1.70,8.029,-27.729,0.000,,13,17,,
T,2026-07-24 17:11:19.000,26.41659167,-80.17006333,1.70,8.029,-27.729,0.000,,12,17,,
T,2026-07-24 17:11:20.000,26.41659167,-80.17006333,1.70,8.029,-27.729,0.000,,13,17,,
T,2026-07-24 17:11:21.000,26.41659167,-80.17006333,1.70,8.029,-27.729,0.000,,13,17,,
T,2026-07-24 17:11:22.000,26.41659167,-80.17006333,1.70,8.029,-27.729,0.000,,13,17,,
T,2026-07-24 17:11:23.000,26.41659167,-80.17006333,1.70,8.029,-27.729,0.000,,13,17,,
T,2026-07-24 17:11:24.000,26.41659167,-80.17006333,1.70,8.029,-27.729,0.000,,13,17,,
T,2026-07-24 17:11:25.000,26.41659167,-80.17006333,1.70,8.029,-27.729,0.000,,12,17,,
T,2026-07-24 17:11:26.000,26.41659167,-80.17006333,1.70,8.029,-27.729,0.000,,13,17,,
T,2026-07-24 17:11:27.000,26.41659167,-80.17006333,1.70,8.029,-27.729,0.000,,13,17,,
T,2026-07-24 17:11:28.000,26.41659167,-80.17006333,1.70,8.029,-27.729,0.000,,13,17,,
T,2026-07-24 17:11:29.000,26.41659167,-80.17006333,1.70,8.029,-27.729,0.000,,13,17,,
T,2026-07-24 17:11:30.000,26.41659167,-80.17006333,1.70,8.029,-27.729,0.000,,13,17,,
T,2026-07-24 17:11:31.000,26.41659167,-80.17006333,1.70,8.029,-27.729,0.000,,13,17,,
T,2026-07-24 17:11:32.000,26.41659167,-80.17006333,1.70,8.029,-27.729,0.000,,13,17,,
T,2026-07-24 17:11:33.000,26.41659167,-80.17006333,1.70,8.029,-27.729,0.000,,13,17,,
T,2026-07-24 17:11:34.000,26.41659167,-80.17006333,1.70,8.029,-27.729,0.000,,13,17,,
T,2026-07-24 17:11:35.000,26.41659167,-80.17006333,1.70,8.029,-27.729,0.000,,13,17,,
T,2026-07-24 17:11:36.000,26.41659167,-80.17006333,1.60,8.029,-27.729,0.000,,13,17,,
T,2026-07-24 17:11:37.000,26.41659167,-80.17006333,1.60,8.029,-27.729,0.000,,12,17,,
T,2026-07-24 17:11:38.000,26.41659167,-80.17006333,1.60,8.029,-27.729,0.000,,13,17,,
T,2026-07-24 17:11:39.000,26.41659167,-80.17006333,1.60,8.029,-27.729,0.000,,13,17,,
T,2026-07-24 17:11:40.000,26.41659167,-80.17006333,1.60,8.029,-27.729,0.000,,12,17,,
T,2026-07-24 17:11:41.000,26.41659167,-80.17006333,1.60,8.029,-27.729,0.000,,13,17,,
T,2026-07-24 17:11:42.000,26.41659167,-80.17006333,1.60,8.029,-27.729,0.000,,13,17,,
T,2026-07-24 17:11:43.000,26.41659167,-80.17006333,1.50,8.029,-27.729,0.000,,13,17,,
T,2026-07-24 17:11:44.000,26.41659167,-80.17006333,1.60,8.029,-27.729,0.000,,13,17,,
T,2026-07-24 17:11:45.000,26.41659167,-80.17006333,1.60,8.029,-27.729,0.000,,12,17,,
T,2026-07-24 17:11:46.000,26.41659167,-80.17006333,1.60,8.029,-27.729,0.000,,13,17,,
T,2026-07-24 17:11:47.000,26.41660000,-80.17007000,1.70,6.929,-27.729,0.269,32,13,17,,
T,2026-07-24 17:11:48.000,26.41660333,-80.17006833,1.70,7.329,-27.729,0.306,28,13,17,,
T,2026-07-24 17:11:49.000,26.41660500,-80.17006833,1.80,7.529,-27.729,0.000,,13,17,,
T,2026-07-24 17:11:50.000,26.41660833,-80.17006667,1.80,7.629,-27.729,0.000,,13,17,,
T,2026-07-24 17:11:51.000,26.41660833,-80.17006667,1.80,7.129,-27.729,0.000,,13,17,,
T,2026-07-24 17:11:52.000,26.41660833,-80.17006667,1.80,7.129,-27.729,0.000,,13,17,,
T,2026-07-24 17:11:53.000,26.41660833,-80.17006667,1.80,7.129,-27.729,0.000,,13,17,,
T,2026-07-24 17:11:54.000,26.41660833,-80.17006667,1.80,7.129,-27.729,0.000,,13,17,,
T,2026-07-24 17:11:55.000,26.41660833,-80.17006667,1.80,7.129,-27.729,0.000,,13,17,,
T,2026-07-24 17:11:56.000,26.41660833,-80.17006667,1.80,7.129,-27.729,0.000,,13,17,,
T,2026-07-24 17:11:57.000,26.41660833,-80.17006667,1.80,7.129,-27.729,0.000,,13,17,,
T,2026-07-24 17:11:58.000,26.41660833,-80.17006667,1.80,7.129,-27.729,0.000,,13,17,,
T,2026-07-24 17:11:59.000,26.41660833,-80.17006667,1.80,7.129,-27.729,0.000,,13,17,,
T,2026-07-24 17:12:00.000,26.41659500,-80.17006833,1.90,6.329,-27.729,0.237,59,13,18,,
T,2026-07-24 17:12:01.000,26.41660167,-80.17006500,1.80,6.329,-27.729,0.261,44,14,18,,
T,2026-07-24 17:12:02.000,26.41660167,-80.17006167,1.80,6.329,-27.729,0.000,,14,18,,
T,2026-07-24 17:12:03.000,26.41660833,-80.17005667,1.80,5.829,-27.729,0.000,,14,18,,
T,2026-07-24 17:12:04.000,26.41661333,-80.17004833,1.70,5.529,-27.729,0.456,69,14,18,,
T,2026-07-24 17:12:05.000,26.41661667,-80.17003500,1.70,5.429,-27.729,0.581,83,14,18,,
T,2026-07-24 17:12:06.000,26.41661667,-80.17001833,1.70,5.029,-27.729,0.737,110,14,18,,
T,2026-07-24 17:12:07.000,26.41661000,-80.17000500,1.70,4.730,-27.730,0.891,118,14,18,,
T,2026-07-24 17:12:08.000,26.41659833,-80.16999167,1.70,4.730,-27.730,1.053,144,14,18,,
T,2026-07-24 17:12:09.000,26.41657833,-80.16997833,1.70,4.730,-27.730,1.174,148,14,18,,
T,2026-07-24 17:12:10.000,26.41656167,-80.16997000,1.80,4.730,-27.730,1.319,157,14,18,,
T,2026-07-24 17:12:11.000,26.41654333,-80.16996333,1.80,4.730,-27.730,1.487,174,14,18,,
T,2026-07-24 17:12:12.000,26.41652333,-80.16996167,1.80,4.430,-27.730,1.703,176,14,18,,
T,2026-07-24 17:12:13.000,26.41650333,-80.16996167,1.80,4.430,-27.730,1.851,178,14,18,,
T,2026-07-24 17:12:14.000,26.41648667,-80.16996667,1.90,4.530,-27.730,1.937,194,14,18,,
T,2026-07-24 17:12:15.000,26.41647500,-80.16999000,1.80,4.230,-27.730,1.983,234,14,18,,
T,2026-07-24 17:12:16.000,26.41646500,-80.17000833,1.80,4.429,-27.729,1.996,255,14,18,,
T,2026-07-24 17:12:17.000,26.41646500,-80.17002667,1.70,4.529,-27.729,2.041,272,14,18,,
T,2026-07-24 17:12:18.000,26.41646667,-80.17004500,1.70,4.729,-27.729,2.042,280,14,18,,
T,2026-07-24 17:12:19.000,26.41646833,-80.17006167,1.70,4.429,-27.729,2.012,274,14,18,,
T,2026-07-24 17:12:20.000,26.41647333,-80.17007833,1.70,4.229,-27.729,1.982,270,14,18,,
T,2026-07-24 17:12:21.000,26.41647167,-80.17010000,1.70,4.029,-27.729,1.989,261,14,18,,
T,2026-07-24 17:12:22.000,26.41646167,-80.17012333,1.70,4.329,-27.729,1.968,231,14,18,,
T,2026-07-24 17:12:23.000,26.41644833,-80.17013833,1.70,4.429,-27.729,1.929,221,14,18,,
T,2026-07-24 17:12:24.000,26.41643333,-80.17014333,1.70,4.229,-27.729,1.900,204,14,18,,
T,2026-07-24 17:12:25.000,26.41641500,-80.17014167,1.70,3.529,-27.729,1.910,170,14,18,,
T,2026-07-24 17:12:26.000,26.41639500,-80.17013333,1.60,3.229,-27.729,1.944,167,14,18,,
T,2026-07-24 17:12:27.000,26.41637333,-80.17012833,1.70,3.429,-27.729,1.961,163,14,18,,
T,2026-07-24 17:12:28.000,26.41635333,-80.17012167,1.70,3.129,-27.729,2.003,157,14,18,,
T,2026-07-24 17:12:29.000,26.41633333,-80.17011333,1.70,3.329,-27.729,2.058,150,14,18,,
T,2026-07-24 17:12:30.000,26.41631667,-80.17009833,1.70,3.629,-27.729,2.108,143,14,18,,
T,2026-07-24 17:12:31.000,26.41630500,-80.17008833,1.70,4.429,-27.729,2.042,141,14,18,,
T,2026-07-24 17:12:32.000,26.41629333,-80.17007667,1.60,4.929,-27.729,2.042,134,13,18,,
T,2026-07-24 17:12:33.000,26.41627500,-80.17005833,1.70,5.329,-27.729,2.109,126,13,17,,
T,2026-07-24 17:12:34.000,26.41626000,-80.17003833,1.70,5.629,-27.729,2.179,119,12,17,,
T,2026-07-24 17:12:35.000,26.41625000,-80.17001000,1.80,6.429,-27.729,2.294,92,12,17,,
T,2026-07-24 17:12:36.000,26.41625167,-80.16998000,1.80,7.729,-27.729,2.394,84,13,18,,
T,2026-07-24 17:12:37.000,26.41625667,-80.16995167,2.00,8.130,-27.730,2.448,81,13,18,,
T,2026-07-24 17:12:38.000,26.41626000,-80.16992500,2.10,8.030,-27.730,2.498,95,13,18,,
T,2026-07-24 17:12:39.000,26.41626167,-80.16990000,1.90,7.630,-27.730,2.562,93,13,18,,
T,2026-07-24 17:12:40.000,26.41626667,-80.16986667,1.90,7.230,-27.730,2.615,90,13,18,,
T,2026-07-24 17:12:41.000,26.41627667,-80.16983500,1.80,6.530,-27.730,2.747,76,13,18,,
T,2026-07-24 17:12:42.000,26.41628833,-80.16980667,1.80,6.130,-27.730,2.824,78,13,18,,
T,2026-07-24 17:12:43.000,26.41629833,-80.16978000,1.80,5.830,-27.730,2.851,80,13,18,,
T,2026-07-24 17:12:44.000,26.41630333,-80.16975500,2.00,5.730,-27.730,2.849,82,13,18,,
T,2026-07-24 17:12:45.000,26.41631167,-80.16973333,1.80,5.230,-27.730,2.736,80,13,18,,
T,2026-07-24 17:12:46.000,26.41631667,-80.16971667,1.80,6.031,-27.731,2.620,68,13,18,,
T,2026-07-24 17:12:47.000,26.41632000,-80.16970833,1.80,6.331,-27.731,2.499,64,13,18,,
T,2026-07-24 17:12:48.000,26.41632167,-80.16969667,1.80,7.031,-27.731,2.363,65,13,18,,
T,2026-07-24 17:12:49.000,26.41632500,-80.16968667,1.80,7.431,-27.731,2.218,83,13,18,,
T,2026-07-24 17:12:50.000,26.41632500,-80.16967333,1.80,7.631,-27.731,2.055,96,13,18,,
T,2026-07-24 17:12:51.000,26.41632500,-80.16966000,1.80,8.131,-27.731,1.884,103,13,18,,
T,2026-07-24 17:12:52.000,26.41632333,-80.16964667,1.80,8.331,-27.731,1.694,93,13,18,,
T,2026-07-24 17:12:53.000,26.41632500,-80.16963667,1.80,8.231,-27.731,1.536,92,13,18,,
T,2026-07-24 17:12:54.000,26.41632500,-80.16962333,1.80,8.231,-27.731,1.423,93,13,18,,
T,2026-07-24 17:12:55.000,26.41632167,-80.16961167,1.80,8.031,-27.731,1.348,96,13,18,,
T,2026-07-24 17:12:56.000,26.41631833,-80.16959667,1.80,7.731,-27.731,1.291,101,13,18,,
T,2026-07-24 17:12:57.000,26.41631667,-80.16958167,1.90,7.531,-27.731,1.269,103,13,18,,
T,2026-07-24 17:12:58.000,26.41631500,-80.16957000,1.80,7.631,-27.731,1.268,111,13,18,,
T,2026-07-24 17:12:59.000,26.41631500,-80.16955667,1.80,7.731,-27.731,1.268,86,13,18,,
T,2026-07-24 17:13:00.000,26.41631667,-80.16954333,1.80,7.631,-27.731,1.285,97,13,18,,
T,2026-07-24 17:13:01.000,26.41631833,-80.16952833,1.80,7.431,-27.731,1.324,82,13,18,,
T,2026-07-24 17:13:02.000,26.41632167,-80.16951500,1.80,7.531,-27.731,1.368,86,13,18,,
T,2026-07-24 17:13:03.000,26.41632333,-80.16950000,1.80,7.431,-27.731,1.406,93,13,18,,
T,2026-07-24 17:13:04.000,26.41632667,-80.16948667,1.80,7.532,-27.732,1.432,77,13,18,,
T,2026-07-24 17:13:05.000,26.41633167,-80.16947167,1.80,7.532,-27.732,1.454,89,13,18,,
T,2026-07-24 17:13:06.000,26.41633500,-80.16945833,1.80,7.432,-27.732,1.457,91,13,18,,
T,2026-07-24 17:13:07.000,26.41633667,-80.16944833,1.80,7.132,-27.732,1.457,91,13,18,,
T,2026-07-24 17:13:08.000,26.41633500,-80.16943500,1.70,6.832,-27.732,1.467,97,13,18,,
T,2026-07-24 17:13:09.000,26.41633167,-80.16942000,1.70,6.732,-27.732,1.475,104,13,18,,
T,2026-07-24 17:13:10.000,26.41632500,-80.16940500,1.70,6.632,-27.732,1.480,101,13,18,,
T,2026-07-24 17:13:11.000,26.41631833,-80.16939000,1.70,6.532,-27.732,1.458,105,13,18,,
T,2026-07-24 17:13:12.000,26.41631333,-80.16937667,1.70,6.632,-27.732,1.449,102,13,18,,
T,2026-07-24 17:13:13.000,26.41631000,-80.16936333,1.70,6.432,-27.732,1.425,101,13,18,,
T,2026-07-24 17:13:14.000,26.41630667,-80.16935000,1.70,6.332,-27.732,1.411,101,13,18,,
T,2026-07-24 17:13:15.000,26.41630167,-80.16933667,1.70,6.232,-27.732,1.416,105,13,18,,
T,2026-07-24 17:13:16.000,26.41629833,-80.16932333,1.70,6.432,-27.732,1.413,107,13,18,,
T,2026-07-24 17:13:17.000,26.41629667,-80.16931333,1.70,7.232,-27.732,1.414,109,13,18,,
T,2026-07-24 17:13:18.000,26.41629833,-80.16930000,1.70,7.532,-27.732,1.403,106,13,18,,
T,2026-07-24 17:13:19.000,26.41629667,-80.16928333,1.60,7.632,-27.732,1.397,106,13,18,,
T,2026-07-24 17:13:20.000,26.41629667,-80.16926833,1.60,7.932,-27.732,1.400,104,13,18,,
T,2026-07-24 17:13:21.000,26.41629667,-80.16924833,1.60,7.932,-27.732,1.401,103,13,18,,
T,2026-07-24 17:13:22.000,26.41629333,-80.16923667,1.60,8.433,-27.733,1.392,106,13,18,,
T,2026-07-24 17:13:23.000,26.41629000,-80.16922167,1.60,8.833,-27.733,1.397,101,13,18,,
T,2026-07-24 17:13:24.000,26.41629000,-80.16920667,1.60,9.533,-27.733,1.409,100,13,18,,
T,2026-07-24 17:13:25.000,26.41628667,-80.16919333,1.60,10.033,-27.733,1.398,98,13,18,,
T,2026-07-24 17:13:26.000,26.41628333,-80.16918000,1.70,10.233,-27.733,1.414,98,13,18,,
T,2026-07-24 17:13:27.000,26.41628333,-80.16916167,1.70,10.733,-27.733,1.436,96,13,18,,
T,2026-07-24 17:13:28.000,26.41628167,-80.16914667,1.60,10.933,-27.733,1.459,97,13,18,,
T,2026-07-24 17:13:29.000,26.41628000,-80.16913167,1.60,10.833,-27.733,1.457,94,13,18,,
T,2026-07-24 17:13:30.000,26.41627833,-80.16911667,1.60,10.833,-27.733,1.448,95,13,18,,
T,2026-07-24 17:13:31.000,26.41627500,-80.16910000,1.70,10.733,-27.733,1.485,89,13,18,,
T,2026-07-24 17:13:32.000,26.41627333,-80.16908500,1.70,10.933,-27.733,1.496,76,13,18,,
T,2026-07-24 17:13:33.000,26.41627167,-80.16907167,1.80,11.333,-27.733,1.489,96,13,18,,
T,2026-07-24 17:13:34.000,26.41626667,-80.16906000,1.80,11.633,-27.733,1.473,101,13,18,,
T,2026-07-24 17:13:35.000,26.41626333,-80.16904500,1.80,11.733,-27.733,1.482,89,13,18,,
T,2026-07-24 17:13:36.000,26.41626333,-80.16903000,1.80,11.433,-27.733,1.466,94,13,18,,
T,2026-07-24 17:13:37.000,26.41626167,-80.16902000,1.70,11.133,-27.733,1.467,90,13,18,,
T,2026-07-24 17:13:38.000,26.41625833,-80.16900500,1.70,10.733,-27.733,1.462,95,13,18,,
T,2026-07-24 17:13:39.000,26.41625833,-80.16899000,1.70,10.634,-27.734,1.450,99,13,18,,
T,2026-07-24 17:13:40.000,26.41625833,-80.16897500,1.80,10.334,-27.734,1.465,81,13,18,,
T,2026-07-24 17:13:41.000,26.41626000,-80.16895500,1.80,10.334,-27.734,1.439,101,13,18,,
T,2026-07-24 17:13:42.000,26.41626167,-80.16893333,1.80,10.434,-27.734,1.447,96,13,18,,
T,2026-07-24 17:13:43.000,26.41626333,-80.16891167,1.80,10.134,-27.734,1.466,89,13,18,,
T,2026-07-24 17:13:44.000,26.41627000,-80.16889333,1.80,9.734,-27.734,1.474,84,13,18,,
T,2026-07-24 17:13:45.000,26.41627000,-80.16887833,1.70,9.234,-27.734,1.479,85,13,18,,
T,2026-07-24 17:13:46.000,26.41627167,-80.16886333,1.70,8.934,-27.734,1.497,90,13,18,,
T,2026-07-24 17:13:47.000,26.41627333,-80.16884667,1.70,9.034,-27.734,1.504,79,13,18,,
T,2026-07-24 17:13:48.000,26.41627500,-80.16883333,1.70,9.034,-27.734,1.519,88,13,18,,
T,2026-07-24 17:13:49.000,26.41627500,-80.16881833,1.60,8.934,-27.734,1.568,86,13,18,,
T,2026-07-24 17:13:50.000,26.41627333,-80.16880000,1.70,8.334,-27.734,1.578,104,13,18,,
T,2026-07-24 17:13:51.000,26.41626667,-80.16878333,1.70,7.934,-27.734,1.582,98,13,18,,
T,2026-07-24 17:13:52.000,26.41626500,-80.16877000,1.70,7.634,-27.734,1.564,102,13,18,,
T,2026-07-24 17:13:53.000,26.41626167,-80.16875833,1.70,7.134,-27.734,1.532,102,13,18,,
T,2026-07-24 17:13:54.000,26.41625833,-80.16874500,1.70,7.135,-27.735,1.511,107,13,18,,
T,2026-07-24 17:13:55.000,26.41625667,-80.16873167,1.70,7.335,-27.735,1.494,108,13,18,,
T,2026-07-24 17:13:56.000,26.41625167,-80.16872167,1.70,7.635,-27.735,1.466,112,13,18,,
T,2026-07-24 17:13:57.000,26.41624500,-80.16871167,1.70,7.835,-27.735,1.444,111,13,18,,
T,2026-07-24 17:13:58.000,26.41624000,-80.16870167,1.70,8.335,-27.735,1.419,108,13,18,,
T,2026-07-24 17:13:59.000,26.41623333,-80.16869000,1.70,8.335,-27.735,1.394,106,13,18,,
T,2026-07-24 17:14:00.000,26.41623000,-80.16867833,1.70,8.435,-27.735,1.358,110,13,18,,
T,2026-07-24 17:14:01.000,26.41622833,-80.16866833,1.70,8.535,-27.735,1.314,102,13,18,,
T,2026-07-24 17:14:02.000,26.41622500,-80.16865833,1.70,8.335,-27.735,1.297,103,13,18,,
T,2026-07-24 17:14:03.000,26.41622333,-80.16864833,1.70,8.335,-27.735,1.290,93,13,18,,
T,2026-07-24 17:14:04.000,26.41622500,-80.16863833,1.60,8.135,-27.735,1.280,91,13,18,,
T,2026-07-24 17:14:05.000,26.41622667,-80.16862667,1.60,8.135,-27.735,1.259,91,13,18,,
T,2026-07-24 17:14:06.000,26.41622667,-80.16861500,1.60,7.935,-27.735,1.247,89,13,18,,
T,2026-07-24 17:14:07.000,26.41622500,-80.16860333,1.70,7.935,-27.735,1.216,96,13,18,,
T,2026-07-24 17:14:08.000,26.41622500,-80.16859167,1.70,7.535,-27.735,1.186,92,13,18,,
T,2026-07-24 17:14:09.000,26.41622833,-80.16857833,1.70,7.635,-27.735,1.139,93,13,18,,
T,2026-07-24 17:14:10.000,26.41622833,-80.16856833,1.70,7.635,-27.735,1.099,86,13,18,,
T,2026-07-24 17:14:11.000,26.41623167,-80.16856000,1.60,7.735,-27.735,1.042,83,13,18,,
T,2026-07-24 17:14:12.000,26.41623500,-80.16855500,1.60,7.835,-27.735,0.966,80,13,18,,
T,2026-07-24 17:14:13.000,26.41623500,-80.16855000,1.50,7.735,-27.735,0.873,89,13,18,,
T,2026-07-24 17:14:14.000,26.41623667,-80.16855000,1.50,7.835,-27.735,0.768,80,13,18,,
T,2026-07-24 17:14:15.000,26.41623667,-80.16855167,1.50,7.935,-27.735,0.654,353,13,18,,
T,2026-07-24 17:14:16.000,26.41623667,-80.16855333,1.40,8.035,-27.735,0.539,36,13,18,,
T,2026-07-24 17:14:17.000,26.41623667,-80.16855500,1.40,8.135,-27.735,0.440,99,13,18,,
T,2026-07-24 17:14:18.000,26.41623667,-80.16855667,1.40,8.135,-27.735,0.000,,13,18,,
T,2026-07-24 17:14:19.000,26.41623667,-80.16855833,1.40,8.335,-27.735,0.000,,13,18,,
T,2026-07-24 17:14:20.000,26.41623500,-80.16856000,1.30,8.535,-27.735,0.000,,13,18,,
T,2026-07-24 17:14:21.000,26.41623500,-80.16856000,1.30,8.535,-27.735,0.000,,13,18,,
T,2026-07-24 17:14:22.000,26.41623500,-80.16856000,1.30,8.535,-27.735,0.000,,13,18,,
T,2026-07-24 17:14:23.000,26.41623500,-80.16856000,1.30,8.535,-27.735,0.000,,13,18,,
T,2026-07-24 17:14:24.000,26.41623500,-80.16856000,1.30,8.535,-27.735,0.000,,13,18,,
T,2026-07-24 17:14:25.000,26.41623500,-80.16856000,1.30,8.535,-27.735,0.000,,13,18,,
T,2026-07-24 17:14:26.000,26.41623500,-80.16856000,1.30,8.535,-27.735,0.000,,13,18,,
T,2026-07-24 17:14:27.000,26.41623500,-80.16856000,1.30,8.535,-27.735,0.000,,13,18,,
T,2026-07-24 17:14:28.000,26.41623500,-80.16856000,1.30,8.535,-27.735,0.000,,13,18,,
T,2026-07-24 17:14:29.000,26.41623500,-80.16856000,1.30,8.535,-27.735,0.000,,13,18,,
T,2026-07-24 17:14:30.000,26.41623500,-80.16856000,1.30,8.535,-27.735,0.000,,13,18,,
T,2026-07-24 17:14:31.000,26.41623500,-80.16856000,1.30,8.535,-27.735,0.000,,13,18,,
T,2026-07-24 17:14:32.000,26.41623500,-80.16856000,1.30,8.535,-27.735,0.000,,13,18,,
T,2026-07-24 17:14:33.000,26.41623500,-80.16856000,1.30,8.535,-27.735,0.000,,13,18,,
T,2026-07-24 17:14:34.000,26.41623500,-80.16856000,1.30,8.535,-27.735,0.000,,13,18,,
T,2026-07-24 17:14:35.000,26.41623500,-80.16856000,1.30,8.535,-27.735,0.000,,13,18,,
T,2026-07-24 17:14:36.000,26.41623500,-80.16856000,1.30,8.535,-27.735,0.000,,13,18,,
T,2026-07-24 17:14:37.000,26.41623500,-80.16856000,1.30,8.535,-27.735,0.000,,13,18,,
T,2026-07-24 17:14:38.000,26.41623500,-80.16856000,1.30,8.535,-27.735,0.000,,12,18,,
T,2026-07-24 17:14:39.000,26.41623500,-80.16856000,1.30,8.535,-27.735,0.000,,12,18,,
T,2026-07-24 17:14:40.000,26.41623500,-80.16856000,1.30,8.535,-27.735,0.000,,12,18,,
T,2026-07-24 17:14:41.000,26.41623500,-80.16856000,1.30,8.535,-27.735,0.000,,12,18,,
T,2026-07-24 17:14:42.000,26.41623500,-80.16856000,1.30,8.535,-27.735,0.000,,12,18,,
T,2026-07-24 17:14:43.000,26.41623500,-80.16856000,1.30,8.535,-27.735,0.000,,13,18,,
T,2026-07-24 17:14:44.000,26.41623500,-80.16856000,1.30,8.535,-27.735,0.000,,13,18,,
T,2026-07-24 17:14:45.000,26.41623500,-80.16856000,1.30,8.535,-27.735,0.000,,13,18,,
T,2026-07-24 17:14:46.000,26.41623500,-80.16856000,1.30,8.535,-27.735,0.000,,13,18,,
T,2026-07-24 17:14:47.000,26.41623500,-80.16856000,1.30,8.535,-27.735,0.000,,13,18,,
T,2026-07-24 17:14:48.000,26.41623500,-80.16856000,1.30,8.535,-27.735,0.000,,13,18,,
T,2026-07-24 17:14:49.000,26.41623500,-80.16856000,1.30,8.535,-27.735,0.000,,13,18,,
T,2026-07-24 17:14:50.000,26.41623500,-80.16856000,1.40,8.535,-27.735,0.000,,13,18,,
T,2026-07-24 17:14:51.000,26.41624167,-80.16851333,1.50,9.335,-27.735,0.252,90,13,18,,
T,2026-07-24 17:14:52.000,26.41624000,-80.16849833,1.60,9.236,-27.736,0.383,84,13,18,,
T,2026-07-24 17:14:53.000,26.41623833,-80.16848333,1.60,9.036,-27.736,0.515,87,13,18,,
T,2026-07-24 17:14:54.000,26.41624000,-80.16847000,1.60,9.136,-27.736,0.654,84,13,18,,
T,2026-07-24 17:14:55.000,26.41624167,-80.16845667,1.60,9.136,-27.736,0.803,69,13,18,,
T,2026-07-24 17:14:56.000,26.41624500,-80.16844667,1.70,9.336,-27.736,0.938,72,13,18,,
T,2026-07-24 17:14:57.000,26.41625000,-80.16843500,1.70,9.536,-27.736,1.073,85,13,18,,
T,2026-07-24 17:14:58.000,26.41625333,-80.16842333,1.70,9.836,-27.736,1.230,84,13,18,,
T,2026-07-24 17:14:59.000,26.41625500,-80.16840667,1.70,9.836,-27.736,1.377,95,13,18,,
T,2026-07-24 17:15:00.000,26.41625500,-80.16839667,1.70,9.936,-27.736,1.414,94,13,18,,
T,2026-07-24 17:15:01.000,26.41625667,-80.16838667,1.70,10.136,-27.736,1.444,96,13,18,,
T,2026-07-24 17:15:02.000,26.41625667,-80.16837000,1.80,10.436,-27.736,1.459,85,13,18,,
T,2026-07-24 17:15:03.000,26.41626000,-80.16835333,1.80,10.636,-27.736,1.485,92,13,18,,
T,2026-07-24 17:15:04.000,26.41626167,-80.16833667,1.70,10.636,-27.736,1.486,107,13,18,,
T,2026-07-24 17:15:05.000,26.41626000,-80.16831833,1.70,10.636,-27.736,1.489,95,13,18,,
T,2026-07-24 17:15:06.000,26.41625833,-80.16830000,1.70,10.336,-27.736,1.526,92,13,18,,
T,2026-07-24 17:15:07.000,26.41625500,-80.16828167,1.70,9.936,-27.736,1.559,117,13,18,,
T,2026-07-24 17:15:08.000,26.41625333,-80.16826333,1.80,9.337,-27.737,1.586,112,13,18,,
T,2026-07-24 17:15:09.000,26.41625500,-80.16824500,1.80,8.837,-27.737,1.603,103,13,18,,
T,2026-07-24 17:15:10.000,26.41625667,-80.16822667,1.80,8.337,-27.737,1.681,83,13,18,,
T,2026-07-24 17:15:11.000,26.41626167,-80.16820333,1.70,7.737,-27.737,1.750,83,13,18,,
T,2026-07-24 17:15:12.000,26.41626833,-80.16818000,1.70,7.037,-27.737,1.821,76,13,18,,
T,2026-07-24 17:15:13.000,26.41627500,-80.16815833,1.70,6.837,-27.737,1.890,65,13,18,,
T,2026-07-24 17:15:14.000,26.41628167,-80.16813667,1.70,6.637,-27.737,1.976,68,13,18,,
T,2026-07-24 17:15:15.000,26.41629000,-80.16811833,1.70,6.537,-27.737,2.030,56,13,18,,
T,2026-07-24 17:15:16.000,26.41630000,-80.16810000,1.70,6.637,-27.737,2.082,56,13,18,,
T,2026-07-24 17:15:17.000,26.41631333,-80.16807667,1.70,7.337,-27.737,2.137,57,13,18,,
T,2026-07-24 17:15:18.000,26.41632500,-80.16805667,1.70,7.437,-27.737,2.184,53,13,18,,
T,2026-07-24 17:15:19.000,26.41633667,-80.16803500,1.70,7.538,-27.738,2.267,53,13,18,,
T,2026-07-24 17:15:20.000,26.41635000,-80.16801333,1.70,7.938,-27.738,2.298,51,13,18,,
T,2026-07-24 17:15:21.000,26.41636167,-80.16799333,1.70,7.938,-27.738,2.308,55,13,18,,
T,2026-07-24 17:15:22.000,26.41637667,-80.16797333,1.70,8.038,-27.738,2.338,53,13,18,,
T,2026-07-24 17:15:23.000,26.41638667,-80.16795667,1.70,7.938,-27.738,2.357,55,13,18,,
T,2026-07-24 17:15:24.000,26.41640000,-80.16793833,1.70,7.938,-27.738,2.382,57,13,18,,
T,2026-07-24 17:15:25.000,26.41641167,-80.16791500,1.70,7.838,-27.738,2.446,59,13,18,,
T,2026-07-24 17:15:26.000,26.41642167,-80.16789000,1.70,7.438,-27.738,2.515,59,13,18,,
T,2026-07-24 17:15:27.000,26.41643833,-80.16786167,1.70,6.738,-27.738,2.600,60,13,18,,
T,2026-07-24 17:15:28.000,26.41645167,-80.16783500,1.80,5.938,-27.738,2.706,59,13,18,,
T,2026-07-24 17:15:29.000,26.41646667,-80.16780500,2.00,5.439,-27.739,2.796,59,13,18,,
T,2026-07-24 17:15:30.000,26.41648500,-80.16777667,2.10,5.139,-27.739,2.890,55,13,18,,
T,2026-07-24 17:15:31.000,26.41650333,-80.16775000,2.20,5.139,-27.739,2.959,52,13,18,,
T,2026-07-24 17:15:32.000,26.41652000,-80.16772833,2.30,4.939,-27.739,2.980,46,13,18,,
T,2026-07-24 17:15:33.000,26.41653667,-80.16771000,2.30,4.839,-27.739,2.984,42,13,18,,
T,2026-07-24 17:15:34.000,26.41654500,-80.16769500,2.00,4.439,-27.739,2.968,35,13,18,,
T,2026-07-24 17:15:35.000,26.41655833,-80.16768167,1.90,4.239,-27.739,2.944,39,13,18,,
T,2026-07-24 17:15:36.000,26.41657833,-80.16766000,1.80,4.639,-27.739,2.908,40,13,18,,
T,2026-07-24 17:15:37.000,26.41659500,-80.16764333,1.80,4.739,-27.739,2.811,52,13,18,,
T,2026-07-24 17:15:38.000,26.41661000,-80.16762333,1.60,4.939,-27.739,2.705,58,14,18,,
T,2026-07-24 17:15:39.000,26.41662333,-80.16760500,1.70,6.139,-27.739,2.595,58,14,18,,
T,2026-07-24 17:15:40.000,26.41662833,-80.16758500,1.70,6.740,-27.740,2.470,79,14,18,,
T,2026-07-24 17:15:41.000,26.41663000,-80.16756167,1.70,7.240,-27.740,2.386,95,14,18,,
T,2026-07-24 17:15:42.000,26.41662333,-80.16754333,1.80,7.540,-27.740,2.347,117,14,18,,
T,2026-07-24 17:15:43.000,26.41661167,-80.16752667,1.80,7.440,-27.740,2.327,135,13,18,,
T,2026-07-24 17:15:44.000,26.41659500,-80.16751333,1.90,7.440,-27.740,2.337,154,14,18,,
T,2026-07-24 17:15:45.000,26.41657833,-80.16750000,1.90,7.340,-27.740,2.340,154,14,18,,
T,2026-07-24 17:15:46.000,26.41656167,-80.16749167,1.90,7.440,-27.740,2.306,158,14,18,,
T,2026-07-24 17:15:47.000,26.41654333,-80.16748000,1.90,7.540,-27.740,2.346,153,14,18,,
T,2026-07-24 17:15:48.000,26.41652333,-80.16746833,1.90,7.540,-27.740,2.380,154,14,18,,
T,2026-07-24 17:15:49.000,26.41650000,-80.16745000,2.00,7.540,-27.740,2.417,149,14,18,,
T,2026-07-24 17:15:50.000,26.41647667,-80.16743667,1.90,7.540,-27.740,2.505,151,14,18,,
T,2026-07-24 17:15:51.000,26.41645000,-80.16742500,1.90,7.940,-27.740,2.592,149,13,18,,
T,2026-07-24 17:15:52.000,26.41642333,-80.16741000,2.10,7.940,-27.740,2.690,153,14,18,,
T,2026-07-24 17:15:53.000,26.41639833,-80.16739333,2.30,7.940,-27.740,2.757,147,13,18,,
T,2026-07-24 17:15:54.000,26.41637500,-80.16738000,2.40,8.040,-27.740,2.811,153,14,18,,
T,2026-07-24 17:15:55.000,26.41634833,-80.16737000,2.10,8.140,-27.740,2.831,148,14,18,,
T,2026-07-24 17:15:56.000,26.41632833,-80.16735833,2.20,8.240,-27.740,2.846,156,14,18,,
T,2026-07-24 17:15:57.000,26.41631333,-80.16734333,1.90,8.440,-27.740,2.834,139,14,18,,
T,2026-07-24 17:15:58.000,26.41629667,-80.16733167,1.90,8.640,-27.740,2.784,149,14,18,,
T,2026-07-24 17:15:59.000,26.41627667,-80.16731833,1.80,8.640,-27.740,2.727,147,13,18,,
T,2026-07-24 17:16:00.000,26.41625833,-80.16730000,1.80,8.340,-27.740,2.648,141,14,18,,
T,2026-07-24 17:16:01.000,26.41624167,-80.16728833,1.80,9.341,-27.741,2.548,151,14,18,,
T,2026-07-24 17:16:02.000,26.41622667,-80.16728667,1.80,10.241,-27.741,2.399,162,14,18,,
T,2026-07-24 17:16:03.000,26.41621333,-80.16728667,1.70,11.141,-27.741,2.245,186,14,18,,
T,2026-07-24 17:16:04.000,26.41619667,-80.16729000,1.60,11.541,-27.741,2.166,212,14,18,,
T,2026-07-24 17:16:05.000,26.41618000,-80.16730500,1.70,11.740,-27.740,2.143,226,14,18,,
T,2026-07-24 17:16:06.000,26.41616500,-80.16732667,1.70,11.640,-27.740,2.143,234,14,18,,
T,2026-07-24 17:16:07.000,26.41615167,-80.16734667,1.70,11.540,-27.740,2.193,229,14,18,,
T,2026-07-24 17:16:08.000,26.41613500,-80.16737167,1.70,11.340,-27.740,2.271,233,14,18,,
T,2026-07-24 17:16:09.000,26.41612000,-80.16739833,1.70,11.340,-27.740,2.378,235,14,18,,
T,2026-07-24 17:16:10.000,26.41610333,-80.16743000,1.70,10.840,-27.740,2.482,241,14,18,,
T,2026-07-24 17:16:11.000,26.41608667,-80.16745833,1.90,10.740,-27.740,2.605,234,14,18,,
T,2026-07-24 17:16:12.000,26.41607000,-80.16748833,2.00,10.440,-27.740,2.766,234,14,18,,
T,2026-07-24 17:16:13.000,26.41605167,-80.16751500,2.10,10.139,-27.739,2.945,235,14,18,,
T,2026-07-24 17:16:14.000,26.41603667,-80.16753833,1.80,9.739,-27.739,3.017,233,14,18,,
T,2026-07-24 17:16:15.000,26.41602000,-80.16756167,1.80,9.739,-27.739,3.083,235,14,18,,
T,2026-07-24 17:16:16.000,26.41600333,-80.16758500,1.80,10.039,-27.739,3.150,237,14,18,,
T,2026-07-24 17:16:17.000,26.41598833,-80.16760667,1.80,9.739,-27.739,3.176,234,14,18,,
T,2026-07-24 17:16:18.000,26.41597167,-80.16763000,1.80,9.439,-27.739,3.189,235,14,18,,
T,2026-07-24 17:16:19.000,26.41595167,-80.16765667,1.80,9.439,-27.739,3.201,238,14,18,,
T,2026-07-24 17:16:20.000,26.41593500,-80.16767833,1.80,8.939,-27.739,3.173,239,14,18,,
T,2026-07-24 17:16:21.000,26.41592167,-80.16770167,1.90,7.839,-27.739,3.163,239,14,18,,
T,2026-07-24 17:16:22.000,26.41590500,-80.16772500,1.80,7.639,-27.739,3.130,233,14,18,,
T,2026-07-24 17:16:23.000,26.41588500,-80.16775000,1.90,7.838,-27.738,3.134,236,14,18,,
T,2026-07-24 17:16:24.000,26.41586833,-80.16777667,2.10,7.838,-27.738,3.159,236,14,18,,
T,2026-07-24 17:16:25.000,26.41585167,-80.16780167,2.20,7.738,-27.738,3.169,230,14,18,,
T,2026-07-24 17:16:26.000,26.41583500,-80.16782667,2.30,7.738,-27.738,3.173,235,14,18,,
T,2026-07-24 17:16:27.000,26.41581833,-80.16785333,2.30,7.338,-27.738,3.169,237,14,18,,
T,2026-07-24 17:16:28.000,26.41580333,-80.16788167,2.30,7.038,-27.738,3.176,236,14,18,,
T,2026-07-24 17:16:29.000,26.41578833,-80.16791000,2.20,6.938,-27.738,3.158,239,14,18,,
T,2026-07-24 17:16:30.000,26.41577333,-80.16793833,2.20,7.638,-27.738,3.197,248,14,18,,
T,2026-07-24 17:16:31.000,26.41576000,-80.16796667,2.30,8.137,-27.737,3.202,245,14,18,,
T,2026-07-24 17:16:32.000,26.41574500,-80.16799500,2.30,8.837,-27.737,3.208,236,14,18,,
T,2026-07-24 17:16:33.000,26.41573000,-80.16801667,2.30,8.937,-27.737,3.128,232,14,18,,
T,2026-07-24 17:16:34.000,26.41571667,-80.16803833,2.30,9.137,-27.737,3.072,234,14,18,,
T,2026-07-24 17:16:35.000,26.41570333,-80.16806333,1.90,8.937,-27.737,3.088,236,14,18,,
T,2026-07-24 17:16:36.000,26.41568333,-80.16809500,1.80,8.837,-27.737,3.173,239,14,18,,
T,2026-07-24 17:16:37.000,26.41566333,-80.16813333,2.00,8.537,-27.737,3.329,238,14,18,,
T,2026-07-24 17:16:38.000,26.41564167,-80.16817333,2.20,8.337,-27.737,3.503,236,14,18,,
T,2026-07-24 17:16:39.000,26.41561333,-80.16822000,2.30,8.136,-27.736,3.706,233,14,18,,
T,2026-07-24 17:16:40.000,26.41558333,-80.16826500,2.40,8.136,-27.736,3.866,232,14,18,,
T,2026-07-24 17:16:41.000,26.41555500,-80.16830667,2.40,7.936,-27.736,4.030,233,14,18,,
T,2026-07-24 17:16:42.000,26.41553000,-80.16834833,2.40,7.936,-27.736,4.186,235,14,18,,
T,2026-07-24 17:16:43.000,26.41550833,-80.16838667,2.40,7.836,-27.736,4.369,240,14,18,,
T,2026-07-24 17:16:44.000,26.41549000,-80.16841833,2.40,7.435,-27.735,4.392,238,14,18,,
T,2026-07-24 17:16:45.000,26.41548000,-80.16843500,2.40,6.935,-27.735,4.227,244,14,18,,
T,2026-07-24 17:16:46.000,26.41547833,-80.16844000,2.00,6.235,-27.735,0.000,,14,18,,
T,2026-07-24 17:16:47.000,26.41547833,-80.16844167,1.80,5.935,-27.735,0.000,,14,18,,
T,2026-07-24 17:16:48.000,26.41547667,-80.16844167,1.70,5.835,-27.735,0.000,,14,18,,
T,2026-07-24 17:16:49.000,26.41547667,-80.16844167,1.60,5.835,-27.735,0.000,,14,18,,
T,2026-07-24 17:16:50.000,26.41547667,-80.16844167,1.60,5.835,-27.735,0.000,,14,18,,
T,2026-07-24 17:16:51.000,26.41547667,-80.16844167,1.50,5.835,-27.735,0.000,,13,18,,
T,2026-07-24 17:16:52.000,26.41547667,-80.16844167,1.40,5.835,-27.735,0.000,,14,18,,
T,2026-07-24 17:16:53.000,26.41546000,-80.16845833,1.50,6.835,-27.735,2.269,234,14,18,,
T,2026-07-24 17:16:54.000,26.41544500,-80.16848167,1.60,7.335,-27.735,3.015,231,14,18,,
T,2026-07-24 17:16:55.000,26.41543000,-80.16850500,1.70,7.435,-27.735,2.835,232,14,18,,
T,2026-07-24 17:16:56.000,26.41541500,-80.16852667,2.00,7.235,-27.735,1.154,230,14,18,,
T,2026-07-24 17:16:57.000,26.41540333,-80.16854667,1.90,6.535,-27.735,1.425,231,14,18,,
T,2026-07-24 17:16:58.000,26.41539000,-80.16857167,1.90,6.735,-27.735,1.644,238,14,18,,
T,2026-07-24 17:16:59.000,26.41538500,-80.16858833,1.80,6.635,-27.735,1.805,244,14,18,,
T,2026-07-24 17:17:00.000,26.41537833,-80.16860333,1.80,6.935,-27.735,1.947,257,14,18,,
T,2026-07-24 17:17:01.000,26.41537500,-80.16861500,1.70,7.135,-27.735,2.099,253,14,18,,
T,2026-07-24 17:17:02.000,26.41537000,-80.16862000,1.70,7.135,-27.735,2.144,233,14,18,,
T,2026-07-24 17:17:03.000,26.41536667,-80.16862167,1.70,7.135,-27.735,1.932,211,14,18,,
T,2026-07-24 17:17:04.000,26.41536833,-80.16862000,1.70,7.535,-27.735,1.640,163,14,18,,
T,2026-07-24 17:17:05.000,26.41536667,-80.16862167,1.70,7.735,-27.735,1.369,158,14,18,,
T,2026-07-24 17:17:06.000,26.41536833,-80.16862500,1.60,8.035,-27.735,1.112,127,14,18,,
T,2026-07-24 17:17:07.000,26.41536667,-80.16862833,1.60,8.335,-27.735,0.839,112,14,18,,
T,2026-07-24 17:17:08.000,26.41536667,-80.16863000,1.50,8.535,-27.735,0.619,112,14,18,,
T,2026-07-24 17:17:09.000,26.41536667,-80.16863167,1.50,8.635,-27.735,0.459,163,14,18,,
T,2026-07-24 17:17:10.000,26.41536500,-80.16863333,1.50,8.735,-27.735,0.000,,14,18,,
T,2026-07-24 17:17:11.000,26.41536333,-80.16863333,1.50,8.734,-27.734,0.000,,14,18,,
T,2026-07-24 17:17:12.000,26.41536333,-80.16863000,1.50,8.935,-27.735,0.000,,14,18,,
T,2026-07-24 17:17:13.000,26.41536333,-80.16863000,1.50,8.935,-27.735,0.000,,14,18,,
T,2026-07-24 17:17:14.000,26.41536333,-80.16863000,1.60,8.935,-27.735,0.000,,14,18,,
T,2026-07-24 17:17:15.000,26.41536333,-80.16863000,1.60,8.935,-27.735,0.000,,14,18,,
T,2026-07-24 17:17:16.000,26.41536333,-80.16863000,1.60,8.935,-27.735,0.000,,14,18,,
T,2026-07-24 17:17:17.000,26.41536333,-80.16863000,1.60,8.935,-27.735,0.000,,14,18,,
T,2026-07-24 17:17:18.000,26.41536333,-80.16863000,1.60,8.935,-27.735,0.000,,14,18,,
T,2026-07-24 17:17:19.000,26.41536333,-80.16863000,1.60,8.935,-27.735,0.000,,14,18,,
T,2026-07-24 17:17:20.000,26.41536333,-80.16863000,1.70,8.935,-27.735,0.000,,14,18,,
T,2026-07-24 17:17:21.000,26.41536333,-80.16863000,1.60,8.935,-27.735,0.000,,14,18,,
T,2026-07-24 17:17:22.000,26.41536333,-80.16863000,1.60,8.935,-27.735,0.000,,14,18,,
T,2026-07-24 17:17:23.000,26.41536333,-80.16863000,1.60,8.935,-27.735,0.000,,14,18,,
T,2026-07-24 17:17:24.000,26.41536333,-80.16863000,1.60,8.935,-27.735,0.000,,14,18,,
T,2026-07-24 17:17:25.000,26.41534833,-80.16863500,1.70,12.134,-27.734,0.366,193,14,18,,
T,2026-07-24 17:17:26.000,26.41534667,-80.16863667,1.70,12.034,-27.734,0.406,201,14,18,,
T,2026-07-24 17:17:27.000,26.41535000,-80.16863500,1.70,12.134,-27.734,0.412,283,14,18,,
T,2026-07-24 17:17:28.000,26.41535167,-80.16863333,1.70,11.734,-27.734,0.411,65,14,18,,
T,2026-07-24 17:17:29.000,26.41535500,-80.16863167,1.70,11.335,-27.735,0.408,49,13,18,,
T,2026-07-24 17:17:30.000,26.41535667,-80.16863167,1.60,11.035,-27.735,0.000,,14,18,,
T,2026-07-24 17:17:31.000,26.41535500,-80.16863167,1.60,10.735,-27.735,0.000,,14,18,,
T,2026-07-24 17:17:32.000,26.41535500,-80.16863167,1.60,10.535,-27.735,0.000,,14,18,,
T,2026-07-24 17:17:33.000,26.41535500,-80.16863167,1.60,10.535,-27.735,0.000,,14,18,,
T,2026-07-24 17:17:34.000,26.41535500,-80.16863167,1.60,10.535,-27.735,0.000,,14,18,,
T,2026-07-24 17:17:35.000,26.41535500,-80.16863167,1.50,10.535,-27.735,0.000,,14,18,,
T,2026-07-24 17:17:36.000,26.41535500,-80.16863167,1.50,10.535,-27.735,0.000,,14,18,,
T,2026-07-24 17:17:37.000,26.41535500,-80.16863167,1.50,10.535,-27.735,0.000,,14,18,,
T,2026-07-24 17:17:38.000,26.41533333,-80.16866167,1.60,11.234,-27.734,0.480,227,14,18,,
T,2026-07-24 17:17:39.000,26.41532500,-80.16869500,1.60,10.734,-27.734,0.754,235,14,18,,
T,2026-07-24 17:17:40.000,26.41531000,-80.16871500,1.70,10.634,-27.734,1.086,236,14,18,,
T,2026-07-24 17:17:41.000,26.41529167,-80.16874333,1.70,10.334,-27.734,1.430,236,14,18,,
T,2026-07-24 17:17:42.000,26.41527333,-80.16877500,2.00,10.034,-27.734,1.785,234,14,18,,
T,2026-07-24 17:17:43.000,26.41525667,-80.16880333,2.10,9.834,-27.734,2.137,234,14,18,,
T,2026-07-24 17:17:44.000,26.41523667,-80.16883167,2.20,9.834,-27.734,2.496,234,14,18,,
T,2026-07-24 17:17:45.000,26.41521833,-80.16886167,2.30,9.633,-27.733,2.867,238,14,18,,
T,2026-07-24 17:17:46.000,26.41520000,-80.16889167,2.30,9.333,-27.733,3.214,234,14,18,,
T,2026-07-24 17:17:47.000,26.41518000,-80.16892000,2.30,8.833,-27.733,3.476,235,14,18,,
T,2026-07-24 17:17:48.000,26.41515833,-80.16895333,2.30,8.433,-27.733,3.629,235,14,18,,
T,2026-07-24 17:17:49.000,26.41514167,-80.16898333,2.30,8.233,-27.733,3.716,236,14,18,,
T,2026-07-24 17:17:50.000,26.41512333,-80.16901333,2.40,8.133,-27.733,3.729,236,14,18,,
T,2026-07-24 17:17:51.000,26.41510500,-80.16904000,2.40,7.933,-27.733,3.713,234,14,18,,
T,2026-07-24 17:17:52.000,26.41508833,-80.16906667,2.40,7.733,-27.733,3.674,232,14,18,,
T,2026-07-24 17:17:53.000,26.41507000,-80.16909333,2.30,7.832,-27.732,3.628,233,14,18,,
T,2026-07-24 17:17:54.000,26.41505333,-80.16912000,2.30,7.832,-27.732,3.589,235,14,18,,
T,2026-07-24 17:17:55.000,26.41503667,-80.16914333,2.30,7.832,-27.732,3.508,236,14,18,,
T,2026-07-24 17:17:56.000,26.41502333,-80.16916500,2.30,7.932,-27.732,3.395,237,14,18,,
T,2026-07-24 17:17:57.000,26.41501333,-80.16918333,1.90,7.632,-27.732,3.239,252,14,18,,
T,2026-07-24 17:17:58.000,26.41501167,-80.16920500,1.70,7.432,-27.732,3.033,282,14,18,,
T,2026-07-24 17:17:59.000,26.41501500,-80.16922000,1.70,6.732,-27.732,2.778,298,14,18,,
T,2026-07-24 17:18:00.000,26.41502500,-80.16923000,1.60,6.732,-27.732,2.538,307,14,18,,
T,2026-07-24 17:18:01.000,26.41504000,-80.16924833,1.60,6.332,-27.732,2.437,313,14,18,,
T,2026-07-24 17:18:02.000,26.41505667,-80.16927333,1.60,5.832,-27.732,2.385,308,14,18,,
T,2026-07-24 17:18:03.000,26.41507500,-80.16930000,1.70,5.532,-27.732,2.389,306,14,18,,
T,2026-07-24 17:18:04.000,26.41509667,-80.16933167,1.80,5.931,-27.731,2.426,310,14,18,,
T,2026-07-24 17:18:05.000,26.41512000,-80.16935667,2.00,6.331,-27.731,2.473,315,14,18,,
T,2026-07-24 17:18:06.000,26.41514500,-80.16938000,2.10,6.431,-27.731,2.595,318,14,18,,
T,2026-07-24 17:18:07.000,26.41517333,-80.16940667,2.20,6.731,-27.731,2.759,322,14,18,,
T,2026-07-24 17:18:08.000,26.41520167,-80.16943500,2.20,6.931,-27.731,2.995,320,14,18,,
T,2026-07-24 17:18:09.000,26.41522833,-80.16946667,2.20,6.631,-27.731,3.313,312,14,18,,
T,2026-07-24 17:18:10.000,26.41525333,-80.16950333,2.30,6.931,-27.731,3.640,304,13,18,,
T,2026-07-24 17:18:11.000,26.41527333,-80.16954167,2.30,6.431,-27.731,3.864,291,14,18,,
T,2026-07-24 17:18:12.000,26.41528833,-80.16958500,2.30,6.631,-27.731,4.032,289,14,18,,
T,2026-07-24 17:18:13.000,26.41530167,-80.16962667,2.30,6.130,-27.730,4.117,286,14,18,,
T,2026-07-24 17:18:14.000,26.41531167,-80.16966333,2.40,6.230,-27.730,4.153,290,14,18,,
T,2026-07-24 17:18:15.000,26.41531667,-80.16970000,2.40,6.430,-27.730,4.138,282,14,18,,
T,2026-07-24 17:18:16.000,26.41532167,-80.16973167,2.40,6.330,-27.730,4.063,278,14,18,,
T,2026-07-24 17:18:17.000,26.41532000,-80.16976833,2.30,5.530,-27.730,4.064,273,14,18,,
T,2026-07-24 17:18:18.000,26.41531000,-80.16981000,2.30,4.930,-27.730,4.084,257,14,18,,
T,2026-07-24 17:18:19.000,26.41530000,-80.16985000,2.40,4.429,-27.729,4.055,255,14,18,,
T,2026-07-24 17:18:20.000,26.41529000,-80.16988500,2.40,4.629,-27.729,3.966,247,14,18,,
T,2026-07-24 17:18:21.000,26.41527833,-80.16991833,2.50,4.529,-27.729,3.832,249,14,18,,
T,2026-07-24 17:18:22.000,26.41527000,-80.16995833,2.50,4.429,-27.729,3.729,251,14,18,,
T,2026-07-24 17:18:23.000,26.41525833,-80.17000167,2.50,4.229,-27.729,3.736,252,14,18,,
T,2026-07-24 17:18:24.000,26.41525000,-80.17003667,2.40,3.729,-27.729,3.772,252,14,18,,
T,2026-07-24 17:18:25.000,26.41523833,-80.17007667,2.50,3.928,-27.728,3.848,255,14,18,,
T,2026-07-24 17:18:26.000,26.41522833,-80.17011667,2.50,3.928,-27.728,3.955,259,14,18,,
T,2026-07-24 17:18:27.000,26.41522000,-80.17016167,2.50,4.028,-27.728,4.015,262,14,18,,
T,2026-07-24 17:18:28.000,26.41521167,-80.17020667,2.50,3.928,-27.728,4.010,260,14,18,,
T,2026-07-24 17:18:29.000,26.41520333,-80.17025167,2.50,3.628,-27.728,4.026,257,14,18,,
T,2026-07-24 17:18:30.000,26.41519500,-80.17029333,2.50,3.428,-27.728,4.063,253,14,18,,
T,2026-07-24 17:18:31.000,26.41519000,-80.17033500,2.50,2.927,-27.727,4.098,258,14,18,,
T,2026-07-24 17:18:32.000,26.41518167,-80.17037167,2.60,2.827,-27.727,4.117,256,14,18,,
T,2026-07-24 17:18:33.000,26.41517333,-80.17041333,2.70,2.727,-27.727,4.100,263,14,18,,
T,2026-07-24 17:18:34.000,26.41516500,-80.17045500,2.70,2.527,-27.727,4.074,260,14,18,,
T,2026-07-24 17:18:35.000,26.41516000,-80.17049500,2.10,1.727,-27.727,4.070,264,14,18,,
T,2026-07-24 17:18:36.000,26.41516000,-80.17053333,2.00,1.127,-27.727,3.975,279,14,18,,
T,2026-07-24 17:18:37.000,26.41516167,-80.17056667,2.00,1.426,-27.726,3.820,270,14,18,,
T,2026-07-24 17:18:38.000,26.41515833,-80.17059833,2.20,1.326,-27.726,3.707,260,14,18,,
T,2026-07-24 17:18:39.000,26.41515333,-80.17062333,2.30,1.226,-27.726,3.511,255,14,18,,
T,2026-07-24 17:18:40.000,26.41514667,-80.17063833,2.30,0.826,-27.726,3.274,242,14,18,,
T,2026-07-24 17:18:41.000,26.41514500,-80.17065333,2.10,1.526,-27.726,2.987,238,14,18,,
T,2026-07-24 17:18:42.000,26.41513833,-80.17066667,1.90,2.226,-27.726,2.740,238,14,18,,
T,2026-07-24 17:18:43.000,26.41512833,-80.17068167,1.90,2.526,-27.726,2.485,227,14,18,,
T,2026-07-24 17:18:44.000,26.41511167,-80.17069667,1.80,3.026,-27.726,2.277,211,14,18,,
T,2026-07-24 17:18:45.000,26.41508667,-80.17071167,1.90,3.626,-27.726,2.135,202,14,18,,
T,2026-07-24 17:18:46.000,26.41506000,-80.17072167,2.00,3.726,-27.726,2.073,190,14,18,,
T,2026-07-24 17:18:47.000,26.41503833,-80.17073000,2.00,4.226,-27.726,2.028,189,14,18,,
T,2026-07-24 17:18:48.000,26.41501167,-80.17074000,1.90,4.326,-27.726,2.003,191,14,18,,
T,2026-07-24 17:18:49.000,26.41498167,-80.17074167,2.00,4.826,-27.726,2.070,182,14,18,,
T,2026-07-24 17:18:50.000,26.41495000,-80.17074333,2.00,4.926,-27.726,2.247,184,14,18,,
T,2026-07-24 17:18:51.000,26.41491500,-80.17075333,1.90,4.826,-27.726,2.499,191,14,18,,
T,2026-07-24 17:18:52.000,26.41488167,-80.17076167,2.10,4.725,-27.725,2.737,193,14,18,,
T,2026-07-24 17:18:53.000,26.41484833,-80.17076833,2.20,4.725,-27.725,2.971,193,14,18,,
T,2026-07-24 17:18:54.000,26.41481500,-80.17077000,2.30,4.825,-27.725,3.136,188,14,18,,
T,2026-07-24 17:18:55.000,26.41478167,-80.17077500,2.40,4.825,-27.725,3.182,187,14,18,,
T,2026-07-24 17:18:56.000,26.41475000,-80.17077167,2.40,5.125,-27.725,3.225,174,14,18,,
T,2026-07-24 17:18:57.000,26.41471167,-80.17077167,2.40,5.025,-27.725,3.337,183,14,18,,
T,2026-07-24 17:18:58.000,26.41467333,-80.17077167,2.40,5.225,-27.725,3.442,180,14,18,,
T,2026-07-24 17:18:59.000,26.41463500,-80.17077500,2.40,5.225,-27.725,3.554,186,14,18,,
T,2026-07-24 17:19:00.000,26.41459667,-80.17077667,2.40,5.025,-27.725,3.630,180,14,18,,
T,2026-07-24 17:19:01.000,26.41456167,-80.17077667,2.50,5.025,-27.725,3.707,184,14,18,,
T,2026-07-24 17:19:02.000,26.41452333,-80.17078000,2.50,5.225,-27.725,3.780,185,14,18,,
T,2026-07-24 17:19:03.000,26.41448667,-80.17078167,2.60,5.225,-27.725,3.789,186,14,18,,
T,2026-07-24 17:19:04.000,26.41445000,-80.17078167,2.50,5.425,-27.725,3.809,182,14,18,,
T,2026-07-24 17:19:05.000,26.41441833,-80.17078167,2.50,5.525,-27.725,3.850,179,14,18,,
T,2026-07-24 17:19:06.000,26.41438833,-80.17078000,2.60,5.725,-27.725,3.877,184,14,18,,
T,2026-07-24 17:19:07.000,26.41435833,-80.17077833,2.60,5.825,-27.725,3.846,175,14,18,,
T,2026-07-24 17:19:08.000,26.41432667,-80.17077167,2.60,6.125,-27.725,3.794,166,14,18,,
T,2026-07-24 17:19:09.000,26.41429500,-80.17076500,2.60,6.425,-27.725,3.741,178,14,18,,
T,2026-07-24 17:19:10.000,26.41426167,-80.17076167,2.60,6.725,-27.725,3.700,176,14,18,,
T,2026-07-24 17:19:11.000,26.41422500,-80.17076000,2.60,6.825,-27.725,3.677,177,14,18,,
T,2026-07-24 17:19:12.000,26.41418833,-80.17075833,2.60,6.925,-27.725,3.641,176,14,18,,
T,2026-07-24 17:19:13.000,26.41415167,-80.17075833,2.60,7.225,-27.725,3.651,179,14,18,,
T,2026-07-24 17:19:14.000,26.41412000,-80.17076000,2.50,6.625,-27.725,3.637,174,14,18,,
T,2026-07-24 17:19:15.000,26.41408667,-80.17075500,2.50,7.325,-27.725,3.671,170,14,18,,
T,2026-07-24 17:19:16.000,26.41405667,-80.17075667,2.50,7.125,-27.725,3.690,168,14,18,,
T,2026-07-24 17:19:17.000,26.41403000,-80.17075167,2.50,8.325,-27.725,3.664,180,14,18,,
T,2026-07-24 17:19:18.000,26.41400500,-80.17075000,2.50,9.125,-27.725,3.590,195,14,18,,
T,2026-07-24 17:19:19.000,26.41398333,-80.17075667,2.50,9.625,-27.725,3.492,205,14,18,,
T,2026-07-24 17:19:20.000,26.41395667,-80.17075333,2.20,10.625,-27.725,3.400,204,14,18,,
T,2026-07-24 17:19:21.000,26.41392167,-80.17075667,2.10,10.725,-27.725,3.300,195,14,18,,
T,2026-07-24 17:19:22.000,26.41388500,-80.17075833,2.00,10.525,-27.725,3.229,196,14,18,,
T,2026-07-24 17:19:23.000,26.41384667,-80.17076333,1.90,9.825,-27.725,3.198,182,14,18,,
T,2026-07-24 17:19:24.000,26.41381167,-80.17076333,2.20,9.925,-27.725,3.209,182,14,18,,
T,2026-07-24 17:19:25.000,26.41377667,-80.17076333,2.30,8.925,-27.725,3.180,175,14,18,,
T,2026-07-24 17:19:26.000,26.41374167,-80.17076167,2.30,8.225,-27.725,3.174,169,14,18,,
T,2026-07-24 17:19:27.000,26.41370667,-80.17075167,2.40,8.325,-27.725,3.232,162,14,18,,
T,2026-07-24 17:19:28.000,26.41367167,-80.17075167,2.40,8.225,-27.725,3.332,169,14,18,,
T,2026-07-24 17:19:29.000,26.41363667,-80.17074500,2.50,8.425,-27.725,3.451,177,14,18,,
T,2026-07-24 17:19:30.000,26.41360167,-80.17073833,2.50,8.525,-27.725,3.532,177,14,19,,
T,2026-07-24 17:19:31.000,26.41356833,-80.17073333,2.50,8.525,-27.725,3.610,180,14,19,,
T,2026-07-24 17:19:32.000,26.41353500,-80.17074000,2.50,7.625,-27.725,3.680,175,14,19,,
T,2026-07-24 17:19:33.000,26.41350000,-80.17073000,2.50,7.525,-27.725,3.690,177,14,19,,
T,2026-07-24 17:19:34.000,26.41346333,-80.17073500,2.50,6.725,-27.725,3.701,183,14,19,,
T,2026-07-24 17:19:35.000,26.41342500,-80.17073333,2.50,5.825,-27.725,3.709,183,14,19,,
T,2026-07-24 17:19:36.000,26.41338000,-80.17073500,2.20,4.425,-27.725,3.740,184,14,19,,
T,2026-07-24 17:19:37.000,26.41334000,-80.17074333,2.10,3.325,-27.725,3.736,184,14,19,,
T,2026-07-24 17:19:38.000,26.41330333,-80.17075167,2.00,2.725,-27.725,3.697,190,14,19,,
T,2026-07-24 17:19:39.000,26.41327167,-80.17075833,2.00,1.825,-27.725,3.640,188,14,19,,
T,2026-07-24 17:19:40.000,26.41324000,-80.17076833,2.00,0.925,-27.725,3.621,184,14,19,,
T,2026-07-24 17:19:41.000,26.41320667,-80.17077333,2.10,0.024,-27.724,3.604,178,14,19,,
T,2026-07-24 17:19:42.000,26.41317167,-80.17077833,2.00,-0.776,-27.724,3.576,184,14,19,,
T,2026-07-24 17:19:43.000,26.41313833,-80.17078333,1.90,-1.176,-27.724,3.568,175,14,19,,
T,2026-07-24 17:19:44.000,26.41310500,-80.17078500,1.90,-1.476,-27.724,3.525,174,14,19,,
T,2026-07-24 17:19:45.000,26.41307167,-80.17078667,1.90,-1.676,-27.724,3.540,183,14,19,,
T,2026-07-24 17:19:46.000,26.41303833,-80.17078667,1.90,-1.576,-27.724,3.523,185,14,19,,
T,2026-07-24 17:19:47.000,26.41300667,-80.17078500,1.90,-1.476,-27.724,3.533,187,13,19,,
T,2026-07-24 17:19:48.000,26.41297167,-80.17078000,1.80,-1.476,-27.724,3.582,173,13,19,,
T,2026-07-24 17:19:49.000,26.41293833,-80.17077333,1.80,-1.676,-27.724,3.623,170,13,19,,
T,2026-07-24 17:19:50.000,26.41290667,-80.17076333,1.80,-1.376,-27.724,3.648,172,14,19,,
T,2026-07-24 17:19:51.000,26.41287500,-80.17075833,1.90,-1.176,-27.724,3.648,181,14,19,,
T,2026-07-24 17:19:52.000,26.41284333,-80.17075667,1.80,-0.976,-27.724,3.628,191,14,19,,
T,2026-07-24 17:19:53.000,26.41281167,-80.17076167,1.90,-0.676,-27.724,3.647,189,14,19,,
T,2026-07-24 17:19:54.000,26.41277667,-80.17077000,1.90,-1.076,-27.724,3.687,186,14,19,,
T,2026-07-24 17:19:55.000,26.41274500,-80.17076667,2.00,-0.576,-27.724,3.705,185,14,19,,
T,2026-07-24 17:19:56.000,26.41270667,-80.17076667,2.00,-0.276,-27.724,3.735,190,14,19,,
T,2026-07-24 17:19:57.000,26.41267167,-80.17076500,2.10,0.124,-27.724,3.758,179,14,19,,
T,2026-07-24 17:19:58.000,26.41263833,-80.17076000,2.00,0.524,-27.724,3.736,182,14,19,,
T,2026-07-24 17:19:59.000,26.41260667,-80.17075833,1.90,1.224,-27.724,3.747,188,14,19,,
T,2026-07-24 17:20:00.000,26.41257667,-80.17075667,1.80,2.024,-27.724,3.731,187,14,19,,
T,2026-07-24 17:20:01.000,26.41255167,-80.17075667,1.90,2.824,-27.724,3.710,181,14,19,,
T,2026-07-24 17:20:02.000,26.41252167,-80.17075167,1.90,3.624,-27.724,3.722,178,14,19,,
T,2026-07-24 17:20:03.000,26.41249000,-80.17075000,1.90,3.524,-27.724,3.702,177,14,19,,
T,2026-07-24 17:20:04.000,26.41245500,-80.17075333,1.90,2.724,-27.724,3.673,178,14,19,,
T,2026-07-24 17:20:05.000,26.41242000,-80.17074833,1.90,3.024,-27.724,3.638,169,14,19,,
T,2026-07-24 17:20:06.000,26.41239000,-80.17074000,2.00,3.324,-27.724,3.585,172,14,19,,
T,2026-07-24 17:20:07.000,26.41235833,-80.17073500,1.90,2.924,-27.724,3.559,177,14,19,,
T,2026-07-24 17:20:08.000,26.41232500,-80.17073333,2.00,2.624,-27.724,3.605,176,14,19,,
T,2026-07-24 17:20:09.000,26.41228833,-80.17073000,2.00,2.124,-27.724,3.575,180,14,19,,
T,2026-07-24 17:20:10.000,26.41225833,-80.17073000,1.90,1.724,-27.724,3.570,173,13,19,,
T,2026-07-24 17:20:11.000,26.41222833,-80.17072667,2.10,1.624,-27.724,3.551,167,13,19,,
T,2026-07-24 17:20:12.000,26.41220167,-80.17072000,2.30,1.624,-27.724,3.506,173,14,19,,
T,2026-07-24 17:20:13.000,26.41217333,-80.17071833,2.20,1.624,-27.724,3.517,183,14,19,,
T,2026-07-24 17:20:14.000,26.41214167,-80.17071833,2.10,1.424,-27.724,3.519,185,14,19,,
T,2026-07-24 17:20:15.000,26.41210500,-80.17072000,2.10,1.424,-27.724,3.517,178,14,19,,
T,2026-07-24 17:20:16.000,26.41207667,-80.17072000,2.10,1.124,-27.724,3.480,181,14,19,,
T,2026-07-24 17:20:17.000,26.41205000,-80.17071833,2.20,0.924,-27.724,3.446,186,13,19,,
T,2026-07-24 17:20:18.000,26.41202167,-80.17071833,2.30,1.224,-27.724,3.337,184,14,19,,
T,2026-07-24 17:20:19.000,26.41198667,-80.17072667,2.10,1.724,-27.724,3.245,180,14,19,,
T,2026-07-24 17:20:20.000,26.41196000,-80.17073000,2.10,1.724,-27.724,3.197,176,14,19,,
T,2026-07-24 17:20:21.000,26.41193000,-80.17073333,2.10,1.524,-27.724,3.164,190,14,19,,
T,2026-07-24 17:20:22.000,26.41190333,-80.17073500,2.10,1.524,-27.724,3.153,185,14,19,,
T,2026-07-24 17:20:23.000,26.41187500,-80.17073333,2.10,1.624,-27.724,3.102,185,13,19,,
T,2026-07-24 17:20:24.000,26.41184000,-80.17073333,2.10,2.024,-27.724,3.070,184,14,19,,
T,2026-07-24 17:20:25.000,26.41180500,-80.17073000,2.10,3.224,-27.724,3.076,182,14,19,,
T,2026-07-24 17:20:26.000,26.41177333,-80.17073333,2.30,3.224,-27.724,3.086,178,14,19,,
T,2026-07-24 17:20:27.000,26.41174333,-80.17073167,2.30,3.424,-27.724,3.097,183,14,19,,
T,2026-07-24 17:20:28.000,26.41171333,-80.17072500,2.40,3.424,-27.724,3.134,176,13,19,,
T,2026-07-24 17:20:29.000,26.41168000,-80.17072000,2.40,3.524,-27.724,3.275,185,14,19,,
T,2026-07-24 17:20:30.000,26.41164667,-80.17071833,2.50,3.224,-27.724,3.342,179,14,19,,
T,2026-07-24 17:20:31.000,26.41161500,-80.17071000,2.50,3.024,-27.724,3.325,162,14,19,,
T,2026-07-24 17:20:32.000,26.41159500,-80.17070000,2.50,3.624,-27.724,3.280,180,14,19,,
T,2026-07-24 17:20:33.000,26.41156167,-80.17068000,2.20,5.824,-27.724,3.292,178,14,19,,
T,2026-07-24 17:20:34.000,26.41153000,-80.17067667,2.10,6.524,-27.724,3.308,173,14,19,,
T,2026-07-24 17:20:35.000,26.41150000,-80.17068000,2.20,6.224,-27.724,3.310,178,14,19,,
T,2026-07-24 17:20:36.000,26.41146500,-80.17068000,2.40,6.124,-27.724,3.425,188,14,19,,
T,2026-07-24 17:20:37.000,26.41143000,-80.17068500,2.40,6.024,-27.724,3.485,195,14,19,,
T,2026-07-24 17:20:38.000,26.41139500,-80.17069500,2.50,5.524,-27.724,3.558,197,14,19,,
T,2026-07-24 17:20:39.000,26.41135667,-80.17070500,2.50,5.124,-27.724,3.542,188,14,19,,
T,2026-07-24 17:20:40.000,26.41132333,-80.17071833,2.50,4.724,-27.724,3.563,186,14,19,,
T,2026-07-24 17:20:41.000,26.41128833,-80.17073000,2.60,4.024,-27.724,3.699,186,14,19,,
T,2026-07-24 17:20:42.000,26.41124833,-80.17073167,2.50,2.924,-27.724,3.834,179,14,19,,
T,2026-07-24 17:20:43.000,26.41120500,-80.17073167,2.20,1.924,-27.724,3.895,175,14,19,,
T,2026-07-24 17:20:44.000,26.41117167,-80.17073500,2.30,1.323,-27.723,3.954,171,13,19,,
T,2026-07-24 17:20:45.000,26.41113833,-80.17073500,2.40,0.723,-27.723,4.004,168,14,19,,
T,2026-07-24 17:20:46.000,26.41110167,-80.17072333,2.40,0.523,-27.723,3.949,172,14,19,,
T,2026-07-24 17:20:47.000,26.41107000,-80.17071333,2.30,0.424,-27.724,3.875,168,13,19,,
T,2026-07-24 17:20:48.000,26.41104000,-80.17069833,2.10,0.324,-27.724,3.858,177,13,19,,
T,2026-07-24 17:20:49.000,26.41100167,-80.17069167,1.90,0.624,-27.724,3.874,182,13,19,,
T,2026-07-24 17:20:50.000,26.41096000,-80.17069167,2.00,0.724,-27.724,3.876,191,13,19,,
T,2026-07-24 17:20:51.000,26.41092500,-80.17070333,2.20,0.423,-27.723,3.862,192,14,19,,
T,2026-07-24 17:20:52.000,26.41089167,-80.17071667,2.30,0.023,-27.723,3.854,181,14,19,,
T,2026-07-24 17:20:53.000,26.41085833,-80.17071500,2.40,-0.177,-27.723,3.841,182,14,19,,
T,2026-07-24 17:20:54.000,26.41082333,-80.17071833,2.50,-0.377,-27.723,3.818,186,14,19,,
T,2026-07-24 17:20:55.000,26.41078833,-80.17071333,2.60,-0.477,-27.723,3.791,171,14,19,,
T,2026-07-24 17:20:56.000,26.41075667,-80.17070167,2.60,0.423,-27.723,3.800,172,14,19,,
T,2026-07-24 17:20:57.000,26.41072167,-80.17069167,2.60,0.123,-27.723,3.855,173,14,19,,
T,2026-07-24 17:20:58.000,26.41068833,-80.17068333,2.60,0.023,-27.723,3.880,177,14,19,,
T,2026-07-24 17:20:59.000,26.41065167,-80.17067833,2.60,0.023,-27.723,3.903,180,14,19,,
T,2026-07-24 17:21:00.000,26.41061333,-80.17066833,2.50,1.623,-27.723,3.929,183,14,19,,
T,2026-07-24 17:21:01.000,26.41057667,-80.17066500,2.50,3.023,-27.723,3.879,181,14,19,,
T,2026-07-24 17:21:02.000,26.41053500,-80.17066500,2.40,4.023,-27.723,3.935,186,14,19,,
T,2026-07-24 17:21:03.000,26.41049333,-80.17066667,2.40,4.123,-27.723,3.962,182,14,19,,
T,2026-07-24 17:21:04.000,26.41045333,-80.17066833,2.40,4.423,-27.723,4.004,181,14,19,,
T,2026-07-24 17:21:05.000,26.41041333,-80.17066500,2.40,4.423,-27.723,4.045,175,14,19,,
T,2026-07-24 17:21:06.000,26.41037333,-80.17066000,2.40,4.823,-27.723,4.090,180,14,19,,
T,2026-07-24 17:21:07.000,26.41033333,-80.17065833,2.40,4.923,-27.723,4.134,178,14,19,,
T,2026-07-24 17:21:08.000,26.41029333,-80.17065667,2.40,4.923,-27.723,4.156,178,14,19,,
T,2026-07-24 17:21:09.000,26.41025333,-80.17065667,2.40,4.823,-27.723,4.185,180,14,19,,
T,2026-07-24 17:21:10.000,26.41021333,-80.17066000,2.40,4.823,-27.723,4.221,185,14,19,,
T,2026-07-24 17:21:11.000,26.41017500,-80.17066667,2.40,4.523,-27.723,4.310,190,14,19,,
T,2026-07-24 17:21:12.000,26.41013667,-80.17067500,2.50,4.623,-27.723,4.303,190,14,19,,
T,2026-07-24 17:21:13.000,26.41010000,-80.17068500,2.50,4.223,-27.723,4.327,189,14,19,,
T,2026-07-24 17:21:14.000,26.41006167,-80.17068833,2.40,4.423,-27.723,4.341,189,14,19,,
T,2026-07-24 17:21:15.000,26.41002333,-80.17069500,2.50,3.823,-27.723,4.355,182,14,19,,
T,2026-07-24 17:21:16.000,26.40998333,-80.17070000,2.50,3.123,-27.723,4.375,183,14,19,,
T,2026-07-24 17:21:17.000,26.40994333,-80.17070500,2.50,2.523,-27.723,4.368,178,14,19,,
T,2026-07-24 17:21:18.000,26.40990667,-80.17070667,2.50,1.723,-27.723,4.344,176,14,19,,
T,2026-07-24 17:21:19.000,26.40986833,-80.17070667,2.50,0.923,-27.723,4.314,175,14,19,,
T,2026-07-24 17:21:20.000,26.40983333,-80.17070500,2.50,0.223,-27.723,4.275,175,14,19,,
T,2026-07-24 17:21:21.000,26.40979833,-80.17070333,2.50,-0.377,-27.723,4.247,177,14,19,,
T,2026-07-24 17:21:22.000,26.40976333,-80.17070333,2.50,-0.877,-27.723,4.201,177,14,19,,
T,2026-07-24 17:21:23.000,26.40972833,-80.17070500,2.50,-1.677,-27.723,4.151,176,14,19,,
T,2026-07-24 17:21:24.000,26.40969500,-80.17070333,2.50,-2.777,-27.723,4.102,167,13,19,,
T,2026-07-24 17:21:25.000,26.40966167,-80.17069167,2.40,-3.077,-27.723,4.061,155,14,19,,
T,2026-07-24 17:21:26.000,26.40962333,-80.17068667,2.20,-3.777,-27.723,3.956,131,13,19,,
T,2026-07-24 17:21:27.000,26.40960500,-80.17066333,2.30,-4.177,-27.723,3.900,123,13,19,,
T,2026-07-24 17:21:28.000,26.40959667,-80.17063000,2.40,-4.577,-27.723,3.887,95,13,19,,
T,2026-07-24 17:21:29.000,26.40959333,-80.17058833,2.50,-4.677,-27.723,3.870,92,13,19,,
T,2026-07-24 17:21:30.000,26.40959500,-80.17055000,2.50,-5.077,-27.723,3.892,90,13,19,,
T,2026-07-24 17:21:31.000,26.40959500,-80.17050167,2.50,-5.276,-27.724,3.972,86,13,19,,
T,2026-07-24 17:21:32.000,26.40960167,-80.17045500,2.60,-6.176,-27.724,4.076,83,13,19,,
T,2026-07-24 17:21:33.000,26.40960667,-80.17041167,2.60,-7.076,-27.724,4.110,88,13,19,,
T,2026-07-24 17:21:34.000,26.40961333,-80.17036333,2.60,-6.476,-27.724,4.088,94,12,19,,
T,2026-07-24 17:21:35.000,26.40961667,-80.17031667,2.60,-5.976,-27.724,4.084,95,13,19,,
T,2026-07-24 17:21:36.000,26.40961000,-80.17027333,2.50,-5.475,-27.725,4.140,91,13,19,,
T,2026-07-24 17:21:37.000,26.40960500,-80.17023167,2.50,-4.975,-27.725,4.182,87,13,19,,
T,2026-07-24 17:21:38.000,26.40960167,-80.17019167,2.50,-5.075,-27.725,4.145,94,13,19,,
T,2026-07-24 17:21:39.000,26.40959833,-80.17014667,2.50,-4.475,-27.725,4.183,88,13,19,,
T,2026-07-24 17:21:40.000,26.40959667,-80.17009667,2.50,-4.075,-27.725,4.202,85,13,19,,
T,2026-07-24 17:21:41.000,26.40960167,-80.17005167,2.50,-4.075,-27.725,4.173,82,13,19,,
T,2026-07-24 17:21:42.000,26.40960167,-80.17000667,2.50,-4.274,-27.726,4.138,79,13,19,,
T,2026-07-24 17:21:43.000,26.40960333,-80.16995833,2.50,-3.974,-27.726,4.169,81,13,19,,
T,2026-07-24 17:21:44.000,26.40960500,-80.16990833,2.50,-3.674,-27.726,4.264,82,13,19,,
T,2026-07-24 17:21:45.000,26.40960833,-80.16986333,2.50,-3.474,-27.726,4.371,81,13,19,,
T,2026-07-24 17:21:46.000,26.40961000,-80.16981333,2.60,-2.774,-27.726,4.455,87,13,19,,
T,2026-07-24 17:21:47.000,26.40960333,-80.16976500,2.60,-1.573,-27.727,4.482,95,13,19,,
T,2026-07-24 17:21:48.000,26.40959500,-80.16971833,2.50,-0.473,-27.727,4.540,95,13,19,,
T,2026-07-24 17:21:49.000,26.40959333,-80.16967167,2.50,0.527,-27.727,4.537,90,13,19,,
T,2026-07-24 17:21:50.000,26.40959333,-80.16962833,2.60,0.827,-27.727,4.511,90,12,19,,
T,2026-07-24 17:21:51.000,26.40959833,-80.16958167,2.50,1.627,-27.727,4.467,83,13,19,,
T,2026-07-24 17:21:52.000,26.40960333,-80.16954000,2.50,2.228,-27.728,4.428,87,12,19,,
T,2026-07-24 17:21:53.000,26.40961167,-80.16949500,2.50,2.828,-27.728,4.367,86,13,19,,
T,2026-07-24 17:21:54.000,26.40962000,-80.16945667,2.50,3.828,-27.728,4.276,77,13,19,,
T,2026-07-24 17:21:55.000,26.40963333,-80.16942000,2.50,4.528,-27.728,4.126,89,13,19,,
T,2026-07-24 17:21:56.000,26.40963667,-80.16938667,2.40,5.028,-27.728,3.964,95,13,19,,
T,2026-07-24 17:21:57.000,26.40963833,-80.16935667,2.50,5.028,-27.728,3.829,93,13,19,,
T,2026-07-24 17:21:58.000,26.40963667,-80.16932833,2.50,5.128,-27.728,3.679,94,13,19,,
T,2026-07-24 17:21:59.000,26.40963833,-80.16930000,2.50,5.429,-27.729,3.539,85,13,19,,
T,2026-07-24 17:22:00.000,26.40963667,-80.16926833,2.20,6.429,-27.729,3.483,81,13,19,,
T,2026-07-24 17:22:01.000,26.40963167,-80.16923000,2.10,6.929,-27.729,3.460,85,13,19,,
T,2026-07-24 17:22:02.000,26.40963667,-80.16918833,2.30,7.029,-27.729,3.470,84,14,19,,
T,2026-07-24 17:22:03.000,26.40963500,-80.16914667,2.10,7.129,-27.729,3.509,83,14,19,,
T,2026-07-24 17:22:04.000,26.40963500,-80.16910500,2.00,6.929,-27.729,3.564,84,13,19,,
T,2026-07-24 17:22:05.000,26.40964000,-80.16906500,2.20,6.930,-27.730,3.643,79,13,19,,
T,2026-07-24 17:22:06.000,26.40965000,-80.16902500,2.30,6.930,-27.730,3.730,83,13,19,,
T,2026-07-24 17:22:07.000,26.40965500,-80.16898833,2.40,6.830,-27.730,3.818,84,13,19,,
T,2026-07-24 17:22:08.000,26.40966000,-80.16895000,2.40,7.230,-27.730,3.919,87,14,19,,
T,2026-07-24 17:22:09.000,26.40966333,-80.16891167,2.10,7.030,-27.730,4.026,79,14,19,,
T,2026-07-24 17:22:10.000,26.40967333,-80.16886500,2.10,6.930,-27.730,4.100,73,13,19,,
T,2026-07-24 17:22:11.000,26.40967833,-80.16882167,2.20,6.931,-27.731,4.153,82,13,19,,
T,2026-07-24 17:22:12.000,26.40968167,-80.16877833,2.30,6.231,-27.731,4.168,89,13,19,,
T,2026-07-24 17:22:13.000,26.40968000,-80.16873500,2.40,5.631,-27.731,4.193,101,12,19,,
T,2026-07-24 17:22:14.000,26.40967667,-80.16869000,2.40,5.231,-27.731,4.199,98,13,19,,
T,2026-07-24 17:22:15.000,26.40967000,-80.16864833,2.50,4.431,-27.731,4.188,95,13,19,,
T,2026-07-24 17:22:16.000,26.40966833,-80.16860667,2.50,3.931,-27.731,4.200,97,13,19,,
T,2026-07-24 17:22:17.000,26.40966500,-80.16856667,2.50,3.832,-27.732,4.229,97,13,19,,
T,2026-07-24 17:22:18.000,26.40966000,-80.16852833,2.50,3.432,-27.732,4.284,100,13,19,,
T,2026-07-24 17:22:19.000,26.40965167,-80.16848833,2.50,2.932,-27.732,4.321,100,13,19,,
T,2026-07-24 17:22:20.000,26.40964333,-80.16844667,2.50,3.132,-27.732,4.314,104,14,19,,
T,2026-07-24 17:22:21.000,26.40963667,-80.16841000,2.20,3.232,-27.732,4.290,101,14,19,,
T,2026-07-24 17:22:22.000,26.40963167,-80.16837500,2.10,3.232,-27.732,4.261,110,13,19,,
T,2026-07-24 17:22:23.000,26.40962167,-80.16834000,2.20,3.232,-27.732,4.197,106,14,19,,
T,2026-07-24 17:22:24.000,26.40961500,-80.16830333,2.10,3.533,-27.733,4.157,106,13,19,,
T,2026-07-24 17:22:25.000,26.40960833,-80.16826333,2.00,4.033,-27.733,4.127,101,13,19,,
T,2026-07-24 17:22:26.000,26.40960000,-80.16822167,2.00,4.533,-27.733,4.134,98,13,19,,
T,2026-07-24 17:22:27.000,26.40959500,-80.16818000,2.20,4.533,-27.733,4.157,96,13,19,,
T,2026-07-24 17:22:28.000,26.40958667,-80.16813500,1.90,4.933,-27.733,4.142,93,14,19,,
T,2026-07-24 17:22:29.000,26.40958000,-80.16808333,2.00,5.134,-27.734,4.153,87,14,19,,
T,2026-07-24 17:22:30.000,26.40958667,-80.16803500,1.90,4.634,-27.734,4.137,88,15,19,,
T,2026-07-24 17:22:31.000,26.40959000,-80.16799167,1.90,5.434,-27.734,4.133,87,15,19,,
T,2026-07-24 17:22:32.000,26.40959500,-80.16794333,2.00,5.534,-27.734,4.124,85,14,19,,
T,2026-07-24 17:22:33.000,26.40960333,-80.16790500,2.20,5.634,-27.734,4.094,81,15,19,,
T,2026-07-24 17:22:34.000,26.40962167,-80.16787333,2.00,5.734,-27.734,4.060,64,15,19,,
T,2026-07-24 17:22:35.000,26.40964000,-80.16784500,2.00,6.435,-27.735,3.997,59,15,19,,
T,2026-07-24 17:22:36.000,26.40965667,-80.16782167,2.00,6.835,-27.735,3.873,57,15,19,,
T,2026-07-24 17:22:37.000,26.40966833,-80.16779333,1.90,7.135,-27.735,3.807,57,15,19,,
T,2026-07-24 17:22:38.000,26.40968833,-80.16776500,1.90,7.135,-27.735,3.746,55,15,19,,
T,2026-07-24 17:22:39.000,26.40970833,-80.16773333,2.00,6.835,-27.735,3.674,86,15,19,,
T,2026-07-24 17:22:40.000,26.40971167,-80.16769667,1.90,6.735,-27.735,3.638,88,14,19,,
T,2026-07-24 17:22:41.000,26.40971667,-80.16765667,2.20,6.635,-27.735,3.632,77,14,19,,
T,2026-07-24 17:22:42.000,26.40972000,-80.16761667,2.30,6.536,-27.736,3.623,83,15,19,,
T,2026-07-24 17:22:43.000,26.40971500,-80.16757833,2.20,5.936,-27.736,3.661,79,15,19,,
T,2026-07-24 17:22:44.000,26.40972167,-80.16753500,2.10,5.736,-27.736,3.682,81,15,19,,
T,2026-07-24 17:22:45.000,26.40972333,-80.16750000,2.00,5.236,-27.736,3.720,88,15,19,,
T,2026-07-24 17:22:46.000,26.40972167,-80.16746667,2.00,5.236,-27.736,3.756,89,13,19,,
T,2026-07-24 17:22:47.000,26.40971333,-80.16742833,2.20,5.136,-27.736,3.770,99,14,19,,
T,2026-07-24 17:22:48.000,26.40970500,-80.16739333,2.30,5.236,-27.736,3.763,115,13,19,,
T,2026-07-24 17:22:49.000,26.40969000,-80.16736167,2.40,5.137,-27.737,3.712,122,15,19,,
T,2026-07-24 17:22:50.000,26.40967500,-80.16733000,2.10,5.137,-27.737,3.691,120,14,19,,
T,2026-07-24 17:22:51.000,26.40966000,-80.16729833,2.20,5.037,-27.737,3.645,111,15,19,,
T,2026-07-24 17:22:52.000,26.40964833,-80.16727167,2.10,4.637,-27.737,3.611,108,15,19,,
T,2026-07-24 17:22:53.000,26.40964000,-80.16725000,2.10,4.437,-27.737,3.555,104,15,19,,
T,2026-07-24 17:22:54.000,26.40962667,-80.16721667,2.10,4.337,-27.737,3.576,108,15,19,,
T,2026-07-24 17:22:55.000,26.40961833,-80.16717667,2.10,3.637,-27.737,3.567,84,14,19,,
T,2026-07-24 17:22:56.000,26.40962167,-80.16713833,2.20,4.137,-27.737,3.595,87,15,19,,
T,2026-07-24 17:22:57.000,26.40962333,-80.16709167,2.10,5.338,-27.738,3.576,89,15,19,,
T,2026-07-24 17:22:58.000,26.40962667,-80.16705167,2.10,6.238,-27.738,3.640,84,15,19,,
T,2026-07-24 17:22:59.000,26.40963167,-80.16701167,2.00,6.838,-27.738,3.735,90,15,19,,
T,2026-07-24 17:23:00.000,26.40963167,-80.16698333,2.00,7.138,-27.738,3.653,106,15,19,,
T,2026-07-24 17:23:01.000,26.40963500,-80.16695167,1.90,7.038,-27.738,3.559,97,15,19,,
T,2026-07-24 17:23:02.000,26.40964167,-80.16692000,1.80,6.838,-27.738,3.498,79,15,19,,
T,2026-07-24 17:23:03.000,26.40964833,-80.16689167,1.80,7.238,-27.738,3.437,68,15,19,,
T,2026-07-24 17:23:04.000,26.40966833,-80.16686000,1.70,8.239,-27.739,3.337,54,15,19,,
T,2026-07-24 17:23:05.000,26.40969167,-80.16683833,1.70,8.839,-27.739,3.285,43,15,19,,
T,2026-07-24 17:23:06.000,26.40971500,-80.16681333,1.70,9.339,-27.739,3.247,37,15,19,,
T,2026-07-24 17:23:07.000,26.40973667,-80.16679333,1.80,9.239,-27.739,3.173,38,15,19,,
T,2026-07-24 17:23:08.000,26.40975833,-80.16677500,2.00,9.639,-27.739,3.043,43,15,19,,
T,2026-07-24 17:23:09.000,26.40978000,-80.16676000,1.90,9.939,-27.739,2.878,39,15,19,,
T,2026-07-24 17:23:10.000,26.40979333,-80.16674333,1.90,10.039,-27.739,2.848,54,15,19,,
T,2026-07-24 17:23:11.000,26.40981333,-80.16672500,1.90,9.839,-27.739,2.854,42,15,19,,
T,2026-07-24 17:23:12.000,26.40983000,-80.16670500,2.00,9.639,-27.739,2.840,19,15,19,,
T,2026-07-24 17:23:13.000,26.40985000,-80.16670167,1.90,8.839,-27.739,2.759,14,15,19,,
T,2026-07-24 17:23:14.000,26.40985833,-80.16670167,2.00,8.239,-27.739,2.629,14,15,19,,
T,2026-07-24 17:23:15.000,26.40987167,-80.16669833,2.00,8.139,-27.739,2.473,27,15,19,,
T,2026-07-24 17:23:16.000,26.40988167,-80.16669833,2.20,7.639,-27.739,2.217,32,15,19,,
T,2026-07-24 17:23:17.000,26.40988500,-80.16669500,2.10,7.939,-27.739,1.970,36,15,19,,
T,2026-07-24 17:23:18.000,26.40989333,-80.16668833,2.00,8.439,-27.739,1.769,34,15,19,,
T,2026-07-24 17:23:19.000,26.40988667,-80.16668167,2.00,8.739,-27.739,1.524,165,15,19,,
T,2026-07-24 17:23:20.000,26.40989000,-80.16668167,1.90,9.139,-27.739,1.301,126,15,19,,
T,2026-07-24 17:23:21.000,26.40989000,-80.16668000,1.90,9.439,-27.739,1.066,113,15,19,,
T,2026-07-24 17:23:22.000,26.40988833,-80.16668000,1.90,9.639,-27.739,0.814,131,15,19,,
T,2026-07-24 17:23:23.000,26.40989000,-80.16668000,1.80,10.039,-27.739,0.633,135,15,19,,
T,2026-07-24 17:23:24.000,26.40989333,-80.16668167,1.80,10.639,-27.739,0.466,36,15,19,,
T,2026-07-24 17:23:25.000,26.40989500,-80.16668000,1.80,11.039,-27.739,0.000,,15,19,,
T,2026-07-24 17:23:26.000,26.40989833,-80.16668000,1.70,11.539,-27.739,0.000,,15,19,,
T,2026-07-24 17:23:27.000,26.40990167,-80.16668167,1.70,12.039,-27.739,0.000,,15,19,,
T,2026-07-24 17:23:28.000,26.40990167,-80.16668167,1.80,12.039,-27.739,0.000,,15,19,,
T,2026-07-24 17:23:29.000,26.40990167,-80.16668167,1.70,12.039,-27.739,0.000,,15,19,,
T,2026-07-24 17:23:30.000,26.40990167,-80.16668167,1.70,12.039,-27.739,0.000,,15,19,,
T,2026-07-24 17:23:31.000,26.40990167,-80.16668167,1.70,12.039,-27.739,0.000,,15,19,,
T,2026-07-24 17:23:32.000,26.40990167,-80.16668167,1.70,12.039,-27.739,0.000,,15,19,,
T,2026-07-24 17:23:33.000,26.40990167,-80.16668167,1.70,12.039,-27.739,0.000,,15,19,,
T,2026-07-24 17:23:34.000,26.40990167,-80.16668167,1.70,12.039,-27.739,0.000,,15,19,,
