type,date time,latitude,longitude,accuracy(m),altitude(m),geoid_height(m),speed(m/s),bearing(deg),sat_used,sat_inview,name,desc
W,2026-07-24 13:20:21.000,26.41330000,-80.15470333,1.60,11.791,-27.791,0.128,50,18,22,,Site1
W,2026-07-24 13:23:06.000,26.41318000,-80.15513833,1.60,11.089,-27.789,1.653,282,18,21,,Int5
W,2026-07-24 13:26:07.000,26.41601167,-80.15790667,1.70,10.879,-27.779,1.227,329,18,21,,Int6
W,2026-07-24 13:28:48.000,26.41955667,-80.15915833,1.60,9.176,-27.776,1.231,3,18,21,,Int7
W,2026-07-24 13:29:30.000,26.42011333,-80.15858500,1.60,9.279,-27.779,1.740,126,18,21,,Int8
W,2026-07-24 13:31:17.000,26.42250500,-80.15964167,1.60,9.776,-27.776,2.528,67,18,21,,Int9
W,2026-07-24 13:32:05.000,26.42271333,-80.15846333,1.70,7.480,-27.780,2.462,91,18,21,,Int10
W,2026-07-24 13:33:13.000,26.42294167,-80.15656667,1.90,8.688,-27.788,2.970,90,19,21,,Int11
W,2026-07-24 13:35:00.000,26.42271000,-80.15328667,1.80,11.702,-27.802,2.095,90,19,21,,Int12
W,2026-07-24 13:38:44.000,26.42371000,-80.15282333,1.70,12.804,-27.804,0.000,,17,20,,Station2
T,2026-07-24 13:20:18.000,26.41330167,-80.15469833,1.60,12.491,-27.791,0.167,281,17,22,20260724-092018,GPS Logger: 20260724-092018 - ST1-2
T,2026-07-24 13:20:19.000,26.41330167,-80.15470000,1.60,12.191,-27.791,0.156,222,18,22,,
T,2026-07-24 13:20:20.000,26.41330000,-80.15470167,1.60,11.991,-27.791,0.152,305,18,22,,
T,2026-07-24 13:20:21.000,26.41330000,-80.15470333,1.60,11.791,-27.791,0.128,50,18,22,,
T,2026-07-24 13:20:22.000,26.41330000,-80.15470500,1.60,11.591,-27.791,0.101,84,18,22,,
T,2026-07-24 13:20:23.000,26.41330000,-80.15470333,1.60,11.291,-27.791,0.098,145,18,22,,
T,2026-07-24 13:20:24.000,26.41330000,-80.15470333,1.60,11.191,-27.791,0.098,147,18,22,,
T,2026-07-24 13:20:25.000,26.41330000,-80.15470167,1.60,11.091,-27.791,0.092,123,18,22,,
T,2026-07-24 13:20:26.000,26.41330167,-80.15470000,1.50,10.991,-27.791,0.089,83,18,22,,
T,2026-07-24 13:20:27.000,26.41330333,-80.15469833,1.50,10.891,-27.791,0.086,137,18,22,,
T,2026-07-24 13:20:28.000,26.41330500,-80.15469667,1.50,10.791,-27.791,0.000,,18,22,,
T,2026-07-24 13:20:29.000,26.41330667,-80.15469500,1.50,10.491,-27.791,0.000,,18,22,,
T,2026-07-24 13:20:30.000,26.41330667,-80.15469333,1.50,10.391,-27.791,0.000,,18,22,,
T,2026-07-24 13:20:31.000,26.41330667,-80.15469333,1.50,10.391,-27.791,0.000,,18,22,,
T,2026-07-24 13:20:32.000,26.41330667,-80.15469333,1.60,10.391,-27.791,0.000,,18,22,,
T,2026-07-24 13:20:33.000,26.41330667,-80.15469333,1.60,10.391,-27.791,0.000,,18,22,,
T,2026-07-24 13:20:34.000,26.41330667,-80.15469333,1.50,10.391,-27.791,0.000,,18,22,,
T,2026-07-24 13:20:35.000,26.41330667,-80.15469333,1.50,10.391,-27.791,0.000,,18,22,,
T,2026-07-24 13:20:36.000,26.41330667,-80.15469333,1.60,10.391,-27.791,0.000,,18,22,,
T,2026-07-24 13:20:37.000,26.41330667,-80.15469333,1.60,10.391,-27.791,0.000,,17,22,,
T,2026-07-24 13:20:38.000,26.41330667,-80.15469333,1.60,10.391,-27.791,0.000,,16,22,,
T,2026-07-24 13:20:39.000,26.41330667,-80.15469333,1.60,10.391,-27.791,0.000,,16,22,,
T,2026-07-24 13:20:40.000,26.41330667,-80.15469333,1.60,10.391,-27.791,0.000,,16,22,,
T,2026-07-24 13:20:41.000,26.41330667,-80.15469333,1.60,10.391,-27.791,0.000,,17,22,,
T,2026-07-24 13:20:42.000,26.41330667,-80.15469333,1.60,10.391,-27.791,0.000,,17,22,,
T,2026-07-24 13:20:43.000,26.41330667,-80.15469333,1.60,10.391,-27.791,0.000,,17,22,,
T,2026-07-24 13:20:44.000,26.41330667,-80.15469333,1.60,10.391,-27.791,0.000,,17,22,,
T,2026-07-24 13:20:45.000,26.41330667,-80.15469333,1.60,10.391,-27.791,0.000,,17,22,,
T,2026-07-24 13:20:46.000,26.41330667,-80.15469333,1.50,10.391,-27.791,0.000,,17,22,,
T,2026-07-24 13:20:47.000,26.41330667,-80.15469333,1.50,10.391,-27.791,0.000,,17,22,,
T,2026-07-24 13:20:48.000,26.41330667,-80.15469333,1.50,10.391,-27.791,0.000,,17,22,,
T,2026-07-24 13:20:49.000,26.41330667,-80.15469333,1.50,10.391,-27.791,0.000,,17,22,,
T,2026-07-24 13:20:50.000,26.41330667,-80.15469333,1.50,10.391,-27.791,0.000,,17,22,,
T,2026-07-24 13:20:51.000,26.41330667,-80.15469333,1.50,10.391,-27.791,0.000,,17,22,,
T,2026-07-24 13:20:52.000,26.41330667,-80.15469333,1.50,10.391,-27.791,0.000,,17,22,,
T,2026-07-24 13:20:53.000,26.41330667,-80.15469333,1.50,10.391,-27.791,0.000,,17,22,,
T,2026-07-24 13:20:54.000,26.41330667,-80.15469333,1.50,10.391,-27.791,0.000,,17,22,,
T,2026-07-24 13:20:55.000,26.41330667,-80.15469333,1.50,10.391,-27.791,0.000,,17,22,,
T,2026-07-24 13:20:56.000,26.41330667,-80.15469333,1.50,10.391,-27.791,0.000,,17,22,,
T,2026-07-24 13:20:57.000,26.41330667,-80.15469333,1.50,10.391,-27.791,0.000,,17,22,,
T,2026-07-24 13:20:58.000,26.41330667,-80.15469333,1.50,10.391,-27.791,0.000,,17,22,,
T,2026-07-24 13:20:59.000,26.41330667,-80.15469333,1.50,10.391,-27.791,0.000,,17,22,,
T,2026-07-24 13:21:00.000,26.41330667,-80.15469333,1.50,10.391,-27.791,0.000,,17,22,,
T,2026-07-24 13:21:01.000,26.41330667,-80.15469333,1.60,10.391,-27.791,0.000,,17,22,,
T,2026-07-24 13:21:02.000,26.41330667,-80.15469333,1.60,10.391,-27.791,0.000,,17,22,,
T,2026-07-24 13:21:03.000,26.41330667,-80.15469333,1.60,10.391,-27.791,0.000,,18,22,,
T,2026-07-24 13:21:04.000,26.41330667,-80.15469333,1.70,10.391,-27.791,0.000,,18,22,,
T,2026-07-24 13:21:05.000,26.41330667,-80.15469333,1.70,10.391,-27.791,0.000,,17,22,,
T,2026-07-24 13:21:06.000,26.41330667,-80.15469333,1.70,10.391,-27.791,0.000,,17,22,,
T,2026-07-24 13:21:07.000,26.41330667,-80.15469333,1.70,10.391,-27.791,0.000,,17,22,,
T,2026-07-24 13:21:08.000,26.41330667,-80.15469333,1.80,10.391,-27.791,0.000,,17,22,,
T,2026-07-24 13:21:09.000,26.41330667,-80.15469333,1.90,10.391,-27.791,0.000,,17,22,,
T,2026-07-24 13:21:10.000,26.41330667,-80.15469333,1.80,10.391,-27.791,0.000,,17,22,,
T,2026-07-24 13:21:11.000,26.41330667,-80.15469333,1.80,10.391,-27.791,0.000,,17,22,,
T,2026-07-24 13:21:12.000,26.41330667,-80.15469333,1.70,10.391,-27.791,0.000,,18,22,,
T,2026-07-24 13:21:13.000,26.41330667,-80.15469333,1.60,10.391,-27.791,0.000,,18,22,,
T,2026-07-24 13:21:14.000,26.41330667,-80.15469333,1.60,10.391,-27.791,0.000,,18,21,,
T,2026-07-24 13:21:15.000,26.41330667,-80.15469333,1.50,10.391,-27.791,0.000,,18,21,,
T,2026-07-24 13:21:16.000,26.41330667,-80.15469333,1.50,10.391,-27.791,0.000,,18,21,,
T,2026-07-24 13:21:17.000,26.41330667,-80.15469333,1.50,10.391,-27.791,0.000,,18,21,,
T,2026-07-24 13:21:18.000,26.41330667,-80.15469333,1.50,10.391,-27.791,0.000,,19,21,,
T,2026-07-24 13:21:19.000,26.41330667,-80.15469333,1.50,10.391,-27.791,0.000,,18,21,,
T,2026-07-24 13:21:20.000,26.41330667,-80.15469333,1.50,10.391,-27.791,0.000,,18,21,,
T,2026-07-24 13:21:21.000,26.41330667,-80.15469333,1.50,10.391,-27.791,0.000,,17,21,,
T,2026-07-24 13:21:22.000,26.41330667,-80.15469333,1.50,10.391,-27.791,0.000,,17,21,,
T,2026-07-24 13:21:23.000,26.41330667,-80.15469333,1.50,10.391,-27.791,0.000,,18,21,,
T,2026-07-24 13:21:24.000,26.41330667,-80.15469333,1.50,10.391,-27.791,0.000,,19,21,,
T,2026-07-24 13:21:25.000,26.41330667,-80.15469333,1.50,10.391,-27.791,0.000,,19,21,,
T,2026-07-24 13:21:26.000,26.41330667,-80.15469333,1.50,10.391,-27.791,0.000,,18,21,,
T,2026-07-24 13:21:27.000,26.41330667,-80.15469333,1.50,10.391,-27.791,0.000,,19,21,,
T,2026-07-24 13:21:28.000,26.41330667,-80.15469333,1.50,10.391,-27.791,0.000,,16,21,,
T,2026-07-24 13:21:29.000,26.41330667,-80.15469333,1.50,10.391,-27.791,0.000,,16,21,,
T,2026-07-24 13:21:30.000,26.41330667,-80.15469333,1.50,10.391,-27.791,0.000,,16,21,,
T,2026-07-24 13:21:31.000,26.41330667,-80.15469333,1.50,10.391,-27.791,0.000,,16,21,,
T,2026-07-24 13:21:32.000,26.41330667,-80.15469333,1.50,10.391,-27.791,0.000,,16,21,,
T,2026-07-24 13:21:33.000,26.41330667,-80.15469333,1.50,10.391,-27.791,0.000,,17,21,,
T,2026-07-24 13:21:34.000,26.41330667,-80.15469333,1.50,10.391,-27.791,0.000,,17,21,,
T,2026-07-24 13:21:35.000,26.41330667,-80.15469333,1.50,10.391,-27.791,0.000,,17,21,,
T,2026-07-24 13:21:36.000,26.41330667,-80.15469333,1.50,10.391,-27.791,0.000,,17,21,,
T,2026-07-24 13:21:37.000,26.41330667,-80.15469333,1.40,10.391,-27.791,0.000,,18,21,,
T,2026-07-24 13:21:38.000,26.41330667,-80.15469333,1.40,10.391,-27.791,0.000,,17,21,,
T,2026-07-24 13:21:39.000,26.41330667,-80.15469333,1.40,10.391,-27.791,0.000,,17,21,,
T,2026-07-24 13:21:40.000,26.41330667,-80.15469333,1.40,10.391,-27.791,0.000,,16,21,,
T,2026-07-24 13:21:41.000,26.41330667,-80.15469333,1.40,10.391,-27.791,0.000,,17,21,,
T,2026-07-24 13:21:42.000,26.41330667,-80.15469333,1.40,10.391,-27.791,0.000,,17,21,,
T,2026-07-24 13:21:43.000,26.41330667,-80.15469333,1.40,10.391,-27.791,0.000,,17,21,,
T,2026-07-24 13:21:44.000,26.41330667,-80.15469333,1.40,10.391,-27.791,0.000,,17,21,,
T,2026-07-24 13:21:45.000,26.41330667,-80.15469333,1.40,10.391,-27.791,0.000,,17,21,,
T,2026-07-24 13:21:46.000,26.41330667,-80.15469333,1.40,10.391,-27.791,0.000,,17,21,,
T,2026-07-24 13:21:47.000,26.41330667,-80.15469333,1.40,10.391,-27.791,0.000,,17,21,,
T,2026-07-24 13:21:48.000,26.41330667,-80.15469333,1.40,10.391,-27.791,0.000,,17,21,,
T,2026-07-24 13:21:49.000,26.41330667,-80.15469333,1.40,10.391,-27.791,0.000,,17,21,,
T,2026-07-24 13:21:50.000,26.41330667,-80.15469333,1.40,10.391,-27.791,0.000,,17,21,,
T,2026-07-24 13:21:51.000,26.41330667,-80.15469333,1.40,10.391,-27.791,0.000,,17,21,,
T,2026-07-24 13:21:52.000,26.41330667,-80.15469333,1.40,10.391,-27.791,0.000,,17,21,,
T,2026-07-24 13:21:53.000,26.41330667,-80.15469333,1.50,10.391,-27.791,0.000,,17,21,,
T,2026-07-24 13:21:54.000,26.41330667,-80.15469333,1.50,10.391,-27.791,0.000,,17,21,,
T,2026-07-24 13:21:55.000,26.41330667,-80.15469333,1.50,10.391,-27.791,0.000,,17,21,,
T,2026-07-24 13:21:56.000,26.41330667,-80.15469333,1.50,10.391,-27.791,0.000,,17,21,,
T,2026-07-24 13:21:57.000,26.41330667,-80.15469333,1.40,10.391,-27.791,0.000,,18,21,,
T,2026-07-24 13:21:58.000,26.41330667,-80.15469333,1.40,10.391,-27.791,0.000,,18,21,,
T,2026-07-24 13:21:59.000,26.41330667,-80.15469333,1.40,10.391,-27.791,0.000,,18,21,,
T,2026-07-24 13:22:00.000,26.41330667,-80.15469333,1.40,10.391,-27.791,0.000,,18,21,,
T,2026-07-24 13:22:01.000,26.41330667,-80.15469333,1.40,10.391,-27.791,0.000,,18,21,,
T,2026-07-24 13:22:02.000,26.41330667,-80.15469333,1.40,10.391,-27.791,0.000,,18,21,,
T,2026-07-24 13:22:03.000,26.41330667,-80.15469333,1.40,10.391,-27.791,0.000,,18,21,,
T,2026-07-24 13:22:04.000,26.41330667,-80.15469333,1.40,10.391,-27.791,0.000,,18,21,,
T,2026-07-24 13:22:05.000,26.41330667,-80.15469333,1.50,10.391,-27.791,0.000,,18,21,,
T,2026-07-24 13:22:06.000,26.41330667,-80.15469333,1.50,10.391,-27.791,0.000,,18,21,,
T,2026-07-24 13:22:07.000,26.41330667,-80.15469333,1.50,10.391,-27.791,0.000,,18,21,,
T,2026-07-24 13:22:08.000,26.41330667,-80.15469333,1.50,10.391,-27.791,0.000,,18,21,,
T,2026-07-24 13:22:09.000,26.41329833,-80.15470833,1.60,16.991,-27.791,0.231,273,18,21,,
T,2026-07-24 13:22:10.000,26.41329500,-80.15470833,1.60,16.891,-27.791,0.000,,18,21,,
T,2026-07-24 13:22:11.000,26.41329500,-80.15470500,1.60,16.791,-27.791,0.000,,18,21,,
T,2026-07-24 13:22:12.000,26.41329333,-80.15470167,1.50,16.591,-27.791,0.000,,18,21,,
T,2026-07-24 13:22:13.000,26.41329333,-80.15470167,1.50,16.591,-27.791,0.000,,18,21,,
T,2026-07-24 13:22:14.000,26.41329333,-80.15470167,1.50,16.591,-27.791,0.000,,18,21,,
T,2026-07-24 13:22:15.000,26.41329333,-80.15470167,1.50,16.591,-27.791,0.000,,18,21,,
T,2026-07-24 13:22:16.000,26.41329333,-80.15470167,1.50,16.591,-27.791,0.000,,18,21,,
T,2026-07-24 13:22:17.000,26.41329333,-80.15470167,1.60,16.591,-27.791,0.000,,18,21,,
T,2026-07-24 13:22:18.000,26.41329333,-80.15470167,1.70,16.591,-27.791,0.000,,18,21,,
T,2026-07-24 13:22:19.000,26.41329333,-80.15470167,1.80,16.591,-27.791,0.000,,18,21,,
T,2026-07-24 13:22:20.000,26.41329333,-80.15470167,1.70,16.591,-27.791,0.000,,18,21,,
T,2026-07-24 13:22:21.000,26.41329333,-80.15470167,1.80,16.591,-27.791,0.000,,18,21,,
T,2026-07-24 13:22:22.000,26.41329333,-80.15470167,1.80,16.591,-27.791,0.000,,18,21,,
T,2026-07-24 13:22:23.000,26.41329333,-80.15470167,1.80,16.591,-27.791,0.000,,17,21,,
T,2026-07-24 13:22:24.000,26.41330833,-80.15468667,1.90,14.891,-27.791,0.261,339,18,21,,
T,2026-07-24 13:22:25.000,26.41330667,-80.15469667,1.70,14.791,-27.791,0.324,290,18,21,,
T,2026-07-24 13:22:26.000,26.41330500,-80.15470667,1.70,14.591,-27.791,0.382,250,18,21,,
T,2026-07-24 13:22:27.000,26.41329833,-80.15472000,1.70,14.391,-27.791,0.454,246,18,21,,
T,2026-07-24 13:22:28.000,26.41329500,-80.15473167,1.70,14.091,-27.791,0.606,231,18,21,,
T,2026-07-24 13:22:29.000,26.41328667,-80.15474333,1.60,13.591,-27.791,0.718,217,18,21,,
T,2026-07-24 13:22:30.000,26.41327833,-80.15475333,1.60,13.291,-27.791,0.800,195,18,21,,
T,2026-07-24 13:22:31.000,26.41326833,-80.15475833,1.60,12.991,-27.791,0.873,192,18,21,,
T,2026-07-24 13:22:32.000,26.41326167,-80.15476000,1.60,12.491,-27.791,0.949,176,18,21,,
T,2026-07-24 13:22:33.000,26.41325333,-80.15475667,1.60,12.191,-27.791,0.979,185,18,21,,
T,2026-07-24 13:22:34.000,26.41324667,-80.15475167,1.60,11.991,-27.791,1.006,167,18,21,,
T,2026-07-24 13:22:35.000,26.41324167,-80.15475333,1.50,11.991,-27.791,1.012,180,18,21,,
T,2026-07-24 13:22:36.000,26.41323667,-80.15475167,1.50,11.991,-27.791,1.001,183,18,21,,
T,2026-07-24 13:22:37.000,26.41322667,-80.15474833,1.50,11.791,-27.791,1.016,181,18,21,,
T,2026-07-24 13:22:38.000,26.41322000,-80.15474833,1.50,11.491,-27.791,0.957,193,18,21,,
T,2026-07-24 13:22:39.000,26.41321000,-80.15475000,1.50,11.491,-27.791,0.964,211,18,21,,
T,2026-07-24 13:22:40.000,26.41320333,-80.15475333,1.50,11.290,-27.790,0.967,226,18,21,,
T,2026-07-24 13:22:41.000,26.41319833,-80.15475833,1.50,11.190,-27.790,0.950,237,18,21,,
T,2026-07-24 13:22:42.000,26.41319667,-80.15476167,1.50,10.990,-27.790,0.893,246,18,21,,
T,2026-07-24 13:22:43.000,26.41319500,-80.15476167,1.40,10.590,-27.790,0.828,237,18,21,,
T,2026-07-24 13:22:44.000,26.41319500,-80.15476333,1.40,10.590,-27.790,0.755,249,18,21,,
T,2026-07-24 13:22:45.000,26.41319500,-80.15476000,1.30,10.590,-27.790,0.671,212,18,21,,
T,2026-07-24 13:22:46.000,26.41319500,-80.15476000,1.30,10.490,-27.790,0.667,239,18,21,,
T,2026-07-24 13:22:47.000,26.41319167,-80.15476833,1.40,10.590,-27.790,0.652,257,18,21,,
T,2026-07-24 13:22:48.000,26.41318833,-80.15478500,1.40,10.690,-27.790,0.696,258,18,21,,
T,2026-07-24 13:22:49.000,26.41318667,-80.15480500,1.50,10.590,-27.790,0.733,276,18,21,,
T,2026-07-24 13:22:50.000,26.41318667,-80.15482667,1.50,10.490,-27.790,0.815,269,18,21,,
T,2026-07-24 13:22:51.000,26.41318500,-80.15484667,1.60,10.390,-27.790,0.940,269,18,21,,
T,2026-07-24 13:22:52.000,26.41318500,-80.15486667,1.60,10.190,-27.790,1.123,268,18,21,,
T,2026-07-24 13:22:53.000,26.41318667,-80.15489167,1.60,10.290,-27.790,1.338,268,18,21,,
T,2026-07-24 13:22:54.000,26.41318500,-80.15491833,1.60,9.990,-27.790,1.580,267,18,21,,
T,2026-07-24 13:22:55.000,26.41318333,-80.15494167,1.60,9.890,-27.790,1.826,269,18,21,,
T,2026-07-24 13:22:56.000,26.41318500,-80.15496333,1.60,9.690,-27.790,1.996,270,18,21,,
T,2026-07-24 13:22:57.000,26.41318833,-80.15498667,1.60,9.790,-27.790,2.127,270,19,21,,
T,2026-07-24 13:22:58.000,26.41318667,-80.15501167,1.60,10.089,-27.789,2.204,271,19,21,,
T,2026-07-24 13:22:59.000,26.41318500,-80.15503333,1.60,10.589,-27.789,2.230,269,18,21,,
T,2026-07-24 13:23:00.000,26.41318333,-80.15505167,1.60,11.289,-27.789,2.216,268,18,21,,
T,2026-07-24 13:23:01.000,26.41318000,-80.15506833,1.50,11.489,-27.789,2.172,271,18,21,,
T,2026-07-24 13:23:02.000,26.41318000,-80.15508333,1.50,11.489,-27.789,2.066,270,18,21,,
T,2026-07-24 13:23:03.000,26.41317833,-80.15509500,1.50,11.589,-27.789,2.010,272,18,21,,
T,2026-07-24 13:23:04.000,26.41318000,-80.15511333,1.60,11.489,-27.789,1.927,273,18,21,,
T,2026-07-24 13:23:05.000,26.41318000,-80.15512667,1.60,11.389,-27.789,1.780,283,18,21,,
T,2026-07-24 13:23:06.000,26.41318000,-80.15513833,1.60,11.089,-27.789,1.653,282,18,21,,
T,2026-07-24 13:23:07.000,26.41318167,-80.15514667,1.60,10.989,-27.789,1.531,299,18,21,,
T,2026-07-24 13:23:08.000,26.41318333,-80.15514833,1.60,10.589,-27.789,1.376,294,18,21,,
T,2026-07-24 13:23:09.000,26.41318333,-80.15514333,1.60,10.389,-27.789,1.183,21,18,21,,
T,2026-07-24 13:23:10.000,26.41318000,-80.15514000,1.50,10.489,-27.789,1.025,91,18,21,,
T,2026-07-24 13:23:11.000,26.41317833,-80.15513500,1.40,10.389,-27.789,0.885,85,18,21,,
T,2026-07-24 13:23:12.000,26.41318000,-80.15513333,1.40,10.189,-27.789,0.767,289,18,21,,
T,2026-07-24 13:23:13.000,26.41318167,-80.15513000,1.40,10.189,-27.789,0.598,73,18,21,,
T,2026-07-24 13:23:14.000,26.41318500,-80.15512500,1.40,10.289,-27.789,0.497,290,18,21,,
T,2026-07-24 13:23:15.000,26.41318833,-80.15513500,1.40,10.189,-27.789,0.480,298,18,21,,
T,2026-07-24 13:23:16.000,26.41319167,-80.15514500,1.50,9.889,-27.789,0.467,276,18,21,,
T,2026-07-24 13:23:17.000,26.41320000,-80.15515833,1.60,9.589,-27.789,0.500,299,18,21,,
T,2026-07-24 13:23:18.000,26.41321333,-80.15517333,1.70,9.089,-27.789,0.616,319,18,21,,
T,2026-07-24 13:23:19.000,26.41322667,-80.15519167,1.70,8.989,-27.789,0.798,328,18,21,,
T,2026-07-24 13:23:20.000,26.41324167,-80.15520667,1.70,8.889,-27.789,0.998,333,18,21,,
T,2026-07-24 13:23:21.000,26.41326333,-80.15521500,1.70,9.089,-27.789,1.205,336,18,21,,
T,2026-07-24 13:23:22.000,26.41328667,-80.15522000,1.70,9.589,-27.789,1.431,357,18,21,,
T,2026-07-24 13:23:23.000,26.41330667,-80.15522333,1.70,9.989,-27.789,1.646,2,18,21,,
T,2026-07-24 13:23:24.000,26.41333000,-80.15522333,1.70,10.189,-27.789,1.824,359,18,21,,
T,2026-07-24 13:23:25.000,26.41335167,-80.15522500,1.70,10.389,-27.789,1.986,358,18,21,,
T,2026-07-24 13:23:26.000,26.41337333,-80.15522667,1.70,10.589,-27.789,2.128,354,18,21,,
T,2026-07-24 13:23:27.000,26.41338833,-80.15523167,1.70,10.489,-27.789,2.211,355,18,21,,
T,2026-07-24 13:23:28.000,26.41341167,-80.15523667,1.70,10.789,-27.789,2.270,352,18,21,,
T,2026-07-24 13:23:29.000,26.41343500,-80.15523500,1.80,10.689,-27.789,2.242,1,18,21,,
T,2026-07-24 13:23:30.000,26.41345000,-80.15523000,1.80,10.389,-27.789,2.177,9,18,21,,
T,2026-07-24 13:23:31.000,26.41346833,-80.15523333,1.90,10.089,-27.789,2.147,360,18,21,,
T,2026-07-24 13:23:32.000,26.41349167,-80.15524000,1.90,9.889,-27.789,2.140,349,18,21,,
T,2026-07-24 13:23:33.000,26.41351500,-80.15524667,1.80,9.889,-27.789,2.114,358,18,21,,
T,2026-07-24 13:23:34.000,26.41353667,-80.15525167,1.80,9.389,-27.789,2.077,352,18,21,,
T,2026-07-24 13:23:35.000,26.41356000,-80.15525833,1.80,8.889,-27.789,2.080,350,18,21,,
T,2026-07-24 13:23:36.000,26.41358000,-80.15526167,1.80,8.889,-27.789,2.065,355,17,21,,
T,2026-07-24 13:23:37.000,26.41360167,-80.15526500,1.80,9.289,-27.789,2.104,347,17,21,,
T,2026-07-24 13:23:38.000,26.41362500,-80.15526667,1.80,9.089,-27.789,2.144,346,17,21,,
T,2026-07-24 13:23:39.000,26.41364667,-80.15527333,1.80,9.089,-27.789,2.257,343,17,21,,
T,2026-07-24 13:23:40.000,26.41367000,-80.15528000,1.90,9.189,-27.789,2.344,345,17,21,,
T,2026-07-24 13:23:41.000,26.41370000,-80.15528833,1.80,8.889,-27.789,2.451,341,18,21,,
T,2026-07-24 13:23:42.000,26.41373000,-80.15529833,1.70,8.089,-27.789,2.558,338,18,21,,
T,2026-07-24 13:23:43.000,26.41375833,-80.15531333,1.80,7.988,-27.788,2.646,340,18,21,,
T,2026-07-24 13:23:44.000,26.41378167,-80.15532333,2.00,7.988,-27.788,2.722,343,18,21,,
T,2026-07-24 13:23:45.000,26.41381500,-80.15534167,1.70,7.488,-27.788,2.746,342,18,21,,
T,2026-07-24 13:23:46.000,26.41384333,-80.15535833,1.70,6.688,-27.788,2.799,334,18,21,,
T,2026-07-24 13:23:47.000,26.41386667,-80.15537667,1.70,6.788,-27.788,2.843,326,18,21,,
T,2026-07-24 13:23:48.000,26.41389167,-80.15539833,1.80,6.788,-27.788,2.853,327,18,21,,
T,2026-07-24 13:23:49.000,26.41391500,-80.15541500,2.00,6.488,-27.788,2.874,324,18,21,,
T,2026-07-24 13:23:50.000,26.41394167,-80.15543833,1.80,6.088,-27.788,2.985,323,18,21,,
T,2026-07-24 13:23:51.000,26.41396000,-80.15546667,1.80,6.088,-27.788,3.014,319,18,21,,
T,2026-07-24 13:23:52.000,26.41398167,-80.15548833,2.00,5.688,-27.788,2.982,323,18,21,,
T,2026-07-24 13:23:53.000,26.41400000,-80.15551000,2.20,5.488,-27.788,2.947,328,18,21,,
T,2026-07-24 13:23:54.000,26.41401500,-80.15552833,1.90,6.088,-27.788,2.933,321,18,21,,
T,2026-07-24 13:23:55.000,26.41403500,-80.15554833,1.80,5.788,-27.788,2.920,319,18,21,,
T,2026-07-24 13:23:56.000,26.41405500,-80.15557333,1.80,5.388,-27.788,2.966,312,18,21,,
T,2026-07-24 13:23:57.000,26.41407667,-80.15559667,1.80,5.488,-27.788,3.022,316,18,21,,
T,2026-07-24 13:23:58.000,26.41409667,-80.15562167,2.00,5.487,-27.787,3.044,309,18,21,,
T,2026-07-24 13:23:59.000,26.41411167,-80.15564667,2.20,5.187,-27.787,3.057,304,18,21,,
T,2026-07-24 13:24:00.000,26.41412833,-80.15567167,2.20,4.887,-27.787,3.023,309,18,21,,
T,2026-07-24 13:24:01.000,26.41414333,-80.15569500,2.30,4.787,-27.787,3.013,310,18,21,,
T,2026-07-24 13:24:02.000,26.41416167,-80.15571833,2.30,4.687,-27.787,3.036,311,18,21,,
T,2026-07-24 13:24:03.000,26.41418167,-80.15574167,2.30,4.787,-27.787,3.118,309,18,21,,
T,2026-07-24 13:24:04.000,26.41420000,-80.15576333,2.30,3.887,-27.787,3.160,314,18,21,,
T,2026-07-24 13:24:05.000,26.41422000,-80.15578167,2.30,3.187,-27.787,3.203,320,18,21,,
T,2026-07-24 13:24:06.000,26.41424333,-80.15580000,2.30,2.687,-27.787,3.189,319,18,21,,
T,2026-07-24 13:24:07.000,26.41426833,-80.15582000,2.30,2.487,-27.787,3.155,325,18,21,,
T,2026-07-24 13:24:08.000,26.41429167,-80.15583833,2.30,2.387,-27.787,3.167,328,18,21,,
T,2026-07-24 13:24:09.000,26.41431833,-80.15585667,2.30,2.687,-27.787,3.191,330,18,22,,
T,2026-07-24 13:24:10.000,26.41434167,-80.15587333,2.30,2.287,-27.787,3.199,331,18,22,,
T,2026-07-24 13:24:11.000,26.41436833,-80.15589500,2.30,2.486,-27.786,3.236,326,18,22,,
T,2026-07-24 13:24:12.000,26.41439333,-80.15591667,2.30,2.286,-27.786,3.243,334,18,22,,
T,2026-07-24 13:24:13.000,26.41441833,-80.15593167,2.30,2.186,-27.786,3.200,340,18,22,,
T,2026-07-24 13:24:14.000,26.41444333,-80.15594333,2.30,2.386,-27.786,3.176,339,18,22,,
T,2026-07-24 13:24:15.000,26.41447667,-80.15596167,1.90,4.086,-27.786,3.197,339,18,22,,
T,2026-07-24 13:24:16.000,26.41450333,-80.15597333,1.80,5.386,-27.786,3.212,342,18,22,,
T,2026-07-24 13:24:17.000,26.41453000,-80.15598167,2.00,5.286,-27.786,3.191,341,18,22,,
T,2026-07-24 13:24:18.000,26.41455667,-80.15599167,2.10,4.986,-27.786,3.191,341,18,22,,
T,2026-07-24 13:24:19.000,26.41458333,-80.15600500,2.20,4.686,-27.786,3.200,333,18,21,,
T,2026-07-24 13:24:20.000,26.41461167,-80.15601333,2.20,4.386,-27.786,3.220,348,18,21,,
T,2026-07-24 13:24:21.000,26.41464000,-80.15601667,2.30,4.186,-27.786,3.200,355,18,21,,
T,2026-07-24 13:24:22.000,26.41467333,-80.15601500,2.30,4.186,-27.786,3.194,359,18,21,,
T,2026-07-24 13:24:23.000,26.41470333,-80.15601500,2.30,4.386,-27.786,3.243,1,18,21,,
T,2026-07-24 13:24:24.000,26.41473500,-80.15601167,2.40,4.786,-27.786,3.271,0,18,21,,
T,2026-07-24 13:24:25.000,26.41476333,-80.15600833,2.40,5.086,-27.786,3.215,2,18,21,,
T,2026-07-24 13:24:26.000,26.41478667,-80.15600333,2.40,4.286,-27.786,3.125,2,18,21,,
T,2026-07-24 13:24:27.000,26.41481833,-80.15600000,2.00,4.286,-27.786,3.051,352,18,21,,
T,2026-07-24 13:24:28.000,26.41485167,-80.15599333,1.80,4.886,-27.786,3.035,2,18,21,,
T,2026-07-24 13:24:29.000,26.41488667,-80.15598667,1.80,5.186,-27.786,2.957,2,18,21,,
T,2026-07-24 13:24:30.000,26.41491167,-80.15598333,2.00,5.286,-27.786,2.921,3,18,21,,
T,2026-07-24 13:24:31.000,26.41494000,-80.15597833,1.90,4.886,-27.786,2.899,11,18,21,,
T,2026-07-24 13:24:32.000,26.41497167,-80.15597167,1.90,5.586,-27.786,2.910,16,17,21,,
T,2026-07-24 13:24:33.000,26.41500167,-80.15596833,2.10,5.686,-27.786,2.897,8,17,21,,
T,2026-07-24 13:24:34.000,26.41503000,-80.15596333,2.20,5.887,-27.787,2.931,7,17,21,,
T,2026-07-24 13:24:35.000,26.41506167,-80.15595833,2.30,5.787,-27.787,2.976,10,17,21,,
T,2026-07-24 13:24:36.000,26.41509333,-80.15595333,2.30,5.787,-27.787,3.066,12,17,21,,
T,2026-07-24 13:24:37.000,26.41512500,-80.15594333,2.30,5.987,-27.787,3.175,10,17,21,,
T,2026-07-24 13:24:38.000,26.41515667,-80.15593833,2.30,6.087,-27.787,3.201,9,17,21,,
T,2026-07-24 13:24:39.000,26.41518833,-80.15593167,2.30,6.187,-27.787,3.271,11,17,21,,
T,2026-07-24 13:24:40.000,26.41522000,-80.15592500,2.30,6.187,-27.787,3.310,10,17,21,,
T,2026-07-24 13:24:41.000,26.41525333,-80.15591833,2.30,6.287,-27.787,3.329,12,18,21,,
T,2026-07-24 13:24:42.000,26.41528000,-80.15591167,2.30,6.187,-27.787,3.334,8,18,21,,
T,2026-07-24 13:24:43.000,26.41530667,-80.15590500,2.30,6.087,-27.787,3.351,12,18,21,,
T,2026-07-24 13:24:44.000,26.41533667,-80.15590000,2.30,5.987,-27.787,3.340,10,18,21,,
T,2026-07-24 13:24:45.000,26.41536667,-80.15589333,2.30,5.787,-27.787,3.366,12,18,21,,
T,2026-07-24 13:24:46.000,26.41539667,-80.15588667,2.30,5.687,-27.787,3.379,10,18,21,,
T,2026-07-24 13:24:47.000,26.41543000,-80.15588167,2.30,5.687,-27.787,3.357,5,17,21,,
T,2026-07-24 13:24:48.000,26.41546000,-80.15587500,2.30,6.087,-27.787,3.370,10,18,21,,
T,2026-07-24 13:24:49.000,26.41549167,-80.15587000,2.30,6.287,-27.787,3.394,8,18,21,,
T,2026-07-24 13:24:50.000,26.41552167,-80.15586667,2.40,6.187,-27.787,3.413,7,18,21,,
T,2026-07-24 13:24:51.000,26.41555000,-80.15586333,2.40,5.987,-27.787,3.410,3,18,21,,
T,2026-07-24 13:24:52.000,26.41557500,-80.15586500,2.40,5.787,-27.787,3.428,0,18,21,,
T,2026-07-24 13:24:53.000,26.41560667,-80.15586333,2.30,6.987,-27.787,3.458,357,18,21,,
T,2026-07-24 13:24:54.000,26.41563667,-80.15586667,2.40,6.987,-27.787,3.480,357,18,21,,
T,2026-07-24 13:24:55.000,26.41566333,-80.15587333,2.40,6.887,-27.787,3.474,351,18,21,,
T,2026-07-24 13:24:56.000,26.41569333,-80.15588333,2.30,6.987,-27.787,3.475,346,18,21,,
T,2026-07-24 13:24:57.000,26.41571833,-80.15589333,2.30,6.687,-27.787,3.493,339,18,21,,
T,2026-07-24 13:24:58.000,26.41575000,-80.15590833,2.40,6.487,-27.787,3.476,339,18,21,,
T,2026-07-24 13:24:59.000,26.41577833,-80.15592167,2.30,6.587,-27.787,3.474,329,18,21,,
T,2026-07-24 13:25:00.000,26.41580333,-80.15593833,2.40,6.687,-27.787,3.468,331,18,21,,
T,2026-07-24 13:25:01.000,26.41582833,-80.15595833,2.40,6.687,-27.787,3.492,328,18,21,,
T,2026-07-24 13:25:02.000,26.41584667,-80.15597667,2.40,6.787,-27.787,3.444,326,18,21,,
T,2026-07-24 13:25:03.000,26.41586833,-80.15599667,2.50,6.687,-27.787,3.389,321,18,21,,
T,2026-07-24 13:25:04.000,26.41589500,-80.15602500,2.40,6.287,-27.787,3.353,314,18,21,,
T,2026-07-24 13:25:05.000,26.41592000,-80.15604833,2.40,5.687,-27.787,3.368,312,18,21,,
T,2026-07-24 13:25:06.000,26.41594333,-80.15607333,2.40,5.887,-27.787,3.353,315,18,21,,
T,2026-07-24 13:25:07.000,26.41596667,-80.15610167,2.40,6.086,-27.786,3.352,310,18,21,,
T,2026-07-24 13:25:08.000,26.41598833,-80.15613000,2.40,6.386,-27.786,3.360,307,18,21,,
T,2026-07-24 13:25:09.000,26.41600667,-80.15616167,2.40,6.886,-27.786,3.360,305,18,21,,
T,2026-07-24 13:25:10.000,26.41602000,-80.15619333,2.40,6.986,-27.786,3.338,297,18,21,,
T,2026-07-24 13:25:11.000,26.41603333,-80.15622667,2.40,6.986,-27.786,3.308,293,18,21,,
T,2026-07-24 13:25:12.000,26.41604000,-80.15626000,2.40,6.986,-27.786,3.343,289,18,21,,
T,2026-07-24 13:25:13.000,26.41604833,-80.15629667,2.40,6.586,-27.786,3.400,286,18,21,,
T,2026-07-24 13:25:14.000,26.41605333,-80.15633333,2.50,6.886,-27.786,3.435,277,18,21,,
T,2026-07-24 13:25:15.000,26.41605333,-80.15636833,2.40,7.185,-27.785,3.383,277,18,21,,
T,2026-07-24 13:25:16.000,26.41605500,-80.15640167,2.40,6.985,-27.785,3.372,279,18,21,,
T,2026-07-24 13:25:17.000,26.41605000,-80.15644000,2.40,7.085,-27.785,3.377,271,18,21,,
T,2026-07-24 13:25:18.000,26.41604833,-80.15647333,2.40,7.185,-27.785,3.288,262,18,21,,
T,2026-07-24 13:25:19.000,26.41604167,-80.15650500,2.40,6.885,-27.785,3.154,256,18,21,,
T,2026-07-24 13:25:20.000,26.41604167,-80.15653667,1.90,6.185,-27.785,3.031,249,18,21,,
T,2026-07-24 13:25:21.000,26.41604000,-80.15656333,1.80,5.885,-27.785,2.932,262,18,21,,
T,2026-07-24 13:25:22.000,26.41603333,-80.15659500,1.80,5.384,-27.784,2.843,262,18,21,,
T,2026-07-24 13:25:23.000,26.41602667,-80.15663667,1.80,5.384,-27.784,2.800,252,18,21,,
T,2026-07-24 13:25:24.000,26.41601500,-80.15667333,1.70,5.484,-27.784,2.755,258,18,21,,
T,2026-07-24 13:25:25.000,26.41600500,-80.15670833,2.00,5.484,-27.784,2.808,251,18,21,,
T,2026-07-24 13:25:26.000,26.41599333,-80.15674500,2.10,5.484,-27.784,2.828,249,18,21,,
T,2026-07-24 13:25:27.000,26.41598167,-80.15677833,2.20,5.484,-27.784,2.823,250,18,21,,
T,2026-07-24 13:25:28.000,26.41597167,-80.15681167,2.20,5.484,-27.784,2.931,249,18,21,,
T,2026-07-24 13:25:29.000,26.41596167,-80.15684500,2.30,5.083,-27.783,3.054,252,18,21,,
T,2026-07-24 13:25:30.000,26.41595167,-80.15687833,2.30,5.283,-27.783,3.205,245,18,21,,
T,2026-07-24 13:25:31.000,26.41594000,-80.15691167,2.20,5.083,-27.783,3.349,250,18,21,,
T,2026-07-24 13:25:32.000,26.41592833,-80.15694667,2.20,4.783,-27.783,3.441,250,18,21,,
T,2026-07-24 13:25:33.000,26.41592333,-80.15697833,2.20,4.683,-27.783,3.457,251,18,21,,
T,2026-07-24 13:25:34.000,26.41591667,-80.15701167,2.20,4.783,-27.783,3.490,255,18,21,,
T,2026-07-24 13:25:35.000,26.41591000,-80.15704500,2.20,4.583,-27.783,3.482,252,18,21,,
T,2026-07-24 13:25:36.000,26.41590500,-80.15707833,2.20,4.382,-27.782,3.488,254,18,21,,
T,2026-07-24 13:25:37.000,26.41589667,-80.15711000,2.30,4.082,-27.782,3.475,251,18,21,,
T,2026-07-24 13:25:38.000,26.41589000,-80.15714333,2.30,4.082,-27.782,3.468,261,18,21,,
T,2026-07-24 13:25:39.000,26.41588333,-80.15718000,2.30,4.082,-27.782,3.469,259,18,21,,
T,2026-07-24 13:25:40.000,26.41587167,-80.15721500,2.30,4.582,-27.782,3.470,261,18,21,,
T,2026-07-24 13:25:41.000,26.41586500,-80.15725000,2.30,4.682,-27.782,3.463,264,18,21,,
T,2026-07-24 13:25:42.000,26.41586000,-80.15728833,2.30,4.182,-27.782,3.481,267,18,21,,
T,2026-07-24 13:25:43.000,26.41585833,-80.15732667,2.30,3.381,-27.781,3.492,268,18,21,,
T,2026-07-24 13:25:44.000,26.41585667,-80.15736167,2.30,2.781,-27.781,3.501,268,18,21,,
T,2026-07-24 13:25:45.000,26.41585833,-80.15739833,2.30,2.981,-27.781,3.497,271,18,21,,
T,2026-07-24 13:25:46.000,26.41586000,-80.15743167,2.40,3.181,-27.781,3.473,277,18,21,,
T,2026-07-24 13:25:47.000,26.41586167,-80.15746667,2.40,3.481,-27.781,3.489,278,18,21,,
T,2026-07-24 13:25:48.000,26.41586667,-80.15750167,2.30,4.681,-27.781,3.483,277,18,21,,
T,2026-07-24 13:25:49.000,26.41587000,-80.15753667,2.30,5.181,-27.781,3.483,281,18,21,,
T,2026-07-24 13:25:50.000,26.41587500,-80.15757333,2.30,6.080,-27.780,3.447,284,18,21,,
T,2026-07-24 13:25:51.000,26.41588167,-80.15760833,2.30,6.580,-27.780,3.425,285,18,21,,
T,2026-07-24 13:25:52.000,26.41588833,-80.15764167,2.30,6.680,-27.780,3.404,287,18,21,,
T,2026-07-24 13:25:53.000,26.41589667,-80.15767500,2.30,6.880,-27.780,3.383,289,18,21,,
T,2026-07-24 13:25:54.000,26.41590500,-80.15770833,2.40,6.980,-27.780,3.348,294,18,21,,
T,2026-07-24 13:25:55.000,26.41591667,-80.15773667,2.40,7.480,-27.780,3.347,295,18,21,,
T,2026-07-24 13:25:56.000,26.41592667,-80.15776333,2.40,7.880,-27.780,3.316,294,18,21,,
T,2026-07-24 13:25:57.000,26.41593667,-80.15778667,2.30,8.580,-27.780,3.200,300,18,21,,
T,2026-07-24 13:25:58.000,26.41595500,-80.15781000,1.90,8.979,-27.779,3.143,294,18,21,,
T,2026-07-24 13:25:59.000,26.41597000,-80.15782833,1.80,9.979,-27.779,3.019,304,18,21,,
T,2026-07-24 13:26:00.000,26.41598000,-80.15784333,1.70,10.079,-27.779,2.862,302,18,21,,
T,2026-07-24 13:26:01.000,26.41598500,-80.15785833,1.70,10.079,-27.779,2.694,304,18,21,,
T,2026-07-24 13:26:02.000,26.41598833,-80.15787500,1.80,10.079,-27.779,2.486,313,18,21,,
T,2026-07-24 13:26:03.000,26.41599500,-80.15788500,1.80,10.179,-27.779,2.241,315,18,21,,
T,2026-07-24 13:26:04.000,26.41600167,-80.15789333,1.80,10.479,-27.779,1.962,350,18,21,,
T,2026-07-24 13:26:05.000,26.41600333,-80.15789833,1.70,10.479,-27.779,1.679,308,18,21,,
T,2026-07-24 13:26:06.000,26.41600667,-80.15790333,1.70,10.679,-27.779,1.427,315,18,21,,
T,2026-07-24 13:26:07.000,26.41601167,-80.15790667,1.70,10.879,-27.779,1.227,329,18,21,,
T,2026-07-24 13:26:08.000,26.41601500,-80.15790833,1.70,10.979,-27.779,0.974,333,18,21,,
T,2026-07-24 13:26:09.000,26.41602000,-80.15791167,1.70,10.979,-27.779,0.796,258,18,21,,
T,2026-07-24 13:26:10.000,26.41601833,-80.15791500,1.70,11.079,-27.779,0.646,160,18,21,,
T,2026-07-24 13:26:11.000,26.41602167,-80.15791167,1.60,11.179,-27.779,0.503,112,18,21,,
T,2026-07-24 13:26:12.000,26.41602167,-80.15791167,1.60,11.379,-27.779,0.000,,18,21,,
T,2026-07-24 13:26:13.000,26.41602167,-80.15791333,1.50,11.479,-27.779,0.000,,18,21,,
T,2026-07-24 13:26:14.000,26.41602000,-80.15791833,1.50,11.779,-27.779,0.000,,18,21,,
T,2026-07-24 13:26:15.000,26.41602000,-80.15791833,1.50,11.779,-27.779,0.000,,18,21,,
T,2026-07-24 13:26:16.000,26.41602000,-80.15791833,1.50,11.779,-27.779,0.000,,18,21,,
T,2026-07-24 13:26:17.000,26.41602000,-80.15791833,1.50,11.779,-27.779,0.000,,18,21,,
T,2026-07-24 13:26:18.000,26.41602000,-80.15791833,1.50,11.779,-27.779,0.000,,18,21,,
T,2026-07-24 13:26:19.000,26.41602000,-80.15791833,1.40,11.779,-27.779,0.000,,18,21,,
T,2026-07-24 13:26:20.000,26.41602000,-80.15791833,1.40,11.779,-27.779,0.000,,18,21,,
T,2026-07-24 13:26:21.000,26.41602000,-80.15791833,1.50,11.779,-27.779,0.000,,18,21,,
T,2026-07-24 13:26:22.000,26.41604333,-80.15795833,1.60,13.079,-27.779,0.341,328,18,21,,
T,2026-07-24 13:26:23.000,26.41605667,-80.15796000,1.70,13.379,-27.779,0.495,353,18,21,,
T,2026-07-24 13:26:24.000,26.41607333,-80.15795500,1.70,13.679,-27.779,0.630,11,18,21,,
T,2026-07-24 13:26:25.000,26.41609000,-80.15794500,1.70,13.779,-27.779,0.792,32,18,21,,
T,2026-07-24 13:26:26.000,26.41610667,-80.15793000,1.70,14.179,-27.779,1.002,42,18,21,,
T,2026-07-24 13:26:27.000,26.41612333,-80.15791500,1.80,14.479,-27.779,1.234,22,18,21,,
T,2026-07-24 13:26:28.000,26.41614500,-80.15790667,1.80,14.679,-27.779,1.475,23,18,21,,
T,2026-07-24 13:26:29.000,26.41616833,-80.15789500,1.80,14.779,-27.779,1.683,27,18,21,,
T,2026-07-24 13:26:30.000,26.41619000,-80.15788667,1.90,15.179,-27.779,1.871,24,18,21,,
T,2026-07-24 13:26:31.000,26.41621667,-80.15787667,1.80,15.979,-27.779,1.989,23,18,21,,
T,2026-07-24 13:26:32.000,26.41624167,-80.15786333,1.90,16.279,-27.779,2.164,22,18,21,,
T,2026-07-24 13:26:33.000,26.41626833,-80.15784667,1.90,15.579,-27.779,2.277,22,18,21,,
T,2026-07-24 13:26:34.000,26.41629333,-80.15783000,1.90,14.980,-27.780,2.376,20,18,21,,
T,2026-07-24 13:26:35.000,26.41631000,-80.15780667,2.00,14.880,-27.780,2.398,29,18,21,,
T,2026-07-24 13:26:36.000,26.41632833,-80.15778833,2.00,14.180,-27.780,2.404,33,18,21,,
T,2026-07-24 13:26:37.000,26.41634667,-80.15777500,1.90,13.780,-27.780,2.326,46,18,21,,
T,2026-07-24 13:26:38.000,26.41636667,-80.15776500,1.90,12.880,-27.780,2.292,50,18,21,,
T,2026-07-24 13:26:39.000,26.41638500,-80.15775667,1.90,12.180,-27.780,2.286,32,18,21,,
T,2026-07-24 13:26:40.000,26.41640667,-80.15774833,1.80,11.480,-27.780,2.309,25,18,21,,
T,2026-07-24 13:26:41.000,26.41643000,-80.15773667,1.90,10.780,-27.780,2.332,29,18,21,,
T,2026-07-24 13:26:42.000,26.41646167,-80.15772667,1.90,9.980,-27.780,2.345,19,18,21,,
T,2026-07-24 13:26:43.000,26.41648833,-80.15771667,1.80,9.080,-27.780,2.392,20,18,21,,
T,2026-07-24 13:26:44.000,26.41651667,-80.15770500,1.80,9.480,-27.780,2.434,22,18,21,,
T,2026-07-24 13:26:45.000,26.41654167,-80.15769667,2.00,8.980,-27.780,2.517,17,18,21,,
T,2026-07-24 13:26:46.000,26.41656333,-80.15769167,1.90,8.480,-27.780,2.549,14,18,21,,
T,2026-07-24 13:26:47.000,26.41658167,-80.15769167,1.90,8.080,-27.780,2.630,12,18,21,,
T,2026-07-24 13:26:48.000,26.41660833,-80.15768667,1.80,7.680,-27.780,2.712,15,18,21,,
T,2026-07-24 13:26:49.000,26.41663500,-80.15767833,1.80,7.380,-27.780,2.800,14,18,21,,
T,2026-07-24 13:26:50.000,26.41666167,-80.15767000,1.80,7.180,-27.780,2.850,9,18,21,,
T,2026-07-24 13:26:51.000,26.41669000,-80.15766500,1.90,6.780,-27.780,2.879,7,18,21,,
T,2026-07-24 13:26:52.000,26.41671833,-80.15766000,2.10,6.480,-27.780,2.906,7,18,21,,
T,2026-07-24 13:26:53.000,26.41675000,-80.15765167,2.10,5.881,-27.781,2.954,12,18,21,,
T,2026-07-24 13:26:54.000,26.41677833,-80.15764667,2.20,5.881,-27.781,3.000,8,18,21,,
T,2026-07-24 13:26:55.000,26.41680833,-80.15764000,2.30,5.781,-27.781,3.053,7,18,21,,
T,2026-07-24 13:26:56.000,26.41683833,-80.15763333,2.30,5.681,-27.781,3.103,7,18,21,,
T,2026-07-24 13:26:57.000,26.41686833,-80.15762833,2.30,5.581,-27.781,3.173,4,18,21,,
T,2026-07-24 13:26:58.000,26.41690000,-80.15762833,2.30,5.681,-27.781,3.200,4,18,21,,
T,2026-07-24 13:26:59.000,26.41693000,-80.15762667,2.30,5.881,-27.781,3.239,356,18,21,,
T,2026-07-24 13:27:00.000,26.41696000,-80.15762833,2.30,5.881,-27.781,3.274,358,18,21,,
T,2026-07-24 13:27:01.000,26.41699000,-80.15763000,2.40,6.281,-27.781,3.279,2,18,21,,
T,2026-07-24 13:27:02.000,26.41701667,-80.15763000,2.40,6.481,-27.781,3.287,355,18,21,,
T,2026-07-24 13:27:03.000,26.41704500,-80.15762833,2.40,6.281,-27.781,3.258,2,18,21,,
T,2026-07-24 13:27:04.000,26.41707333,-80.15762500,2.40,6.281,-27.781,3.238,6,18,21,,
T,2026-07-24 13:27:05.000,26.41710167,-80.15762500,2.40,6.381,-27.781,3.216,7,18,21,,
T,2026-07-24 13:27:06.000,26.41712667,-80.15762167,2.30,6.081,-27.781,3.201,13,18,21,,
T,2026-07-24 13:27:07.000,26.41715500,-80.15761833,2.30,5.581,-27.781,3.196,14,18,21,,
T,2026-07-24 13:27:08.000,26.41719167,-80.15762667,2.00,6.581,-27.781,3.202,6,18,21,,
T,2026-07-24 13:27:09.000,26.41722000,-80.15762833,2.10,6.381,-27.781,3.161,1,18,21,,
T,2026-07-24 13:27:10.000,26.41725000,-80.15763500,2.20,6.481,-27.781,3.135,348,18,21,,
T,2026-07-24 13:27:11.000,26.41727833,-80.15764167,2.30,6.681,-27.781,3.146,353,18,21,,
T,2026-07-24 13:27:12.000,26.41730667,-80.15764667,2.30,6.581,-27.781,3.130,349,18,21,,
T,2026-07-24 13:27:13.000,26.41733333,-80.15765333,2.30,6.581,-27.781,3.119,349,18,21,,
T,2026-07-24 13:27:14.000,26.41735833,-80.15765667,2.30,6.181,-27.781,3.110,345,18,21,,
T,2026-07-24 13:27:15.000,26.41738500,-80.15766333,2.30,5.881,-27.781,3.138,349,18,21,,
T,2026-07-24 13:27:16.000,26.41741167,-80.15767000,2.30,5.581,-27.781,3.166,349,18,21,,
T,2026-07-24 13:27:17.000,26.41743833,-80.15767500,2.30,5.581,-27.781,3.173,347,18,21,,
T,2026-07-24 13:27:18.000,26.41746500,-80.15768000,2.30,5.181,-27.781,3.131,355,18,21,,
T,2026-07-24 13:27:19.000,26.41749167,-80.15768833,2.30,4.681,-27.781,3.142,346,18,21,,
T,2026-07-24 13:27:20.000,26.41752167,-80.15770000,1.80,5.381,-27.781,3.133,347,18,21,,
T,2026-07-24 13:27:21.000,26.41754833,-80.15770833,2.00,5.381,-27.781,3.117,343,18,21,,
T,2026-07-24 13:27:22.000,26.41757500,-80.15771667,1.80,6.081,-27.781,3.111,347,18,21,,
T,2026-07-24 13:27:23.000,26.41760333,-80.15772333,2.00,6.081,-27.781,3.101,351,18,21,,
T,2026-07-24 13:27:24.000,26.41763000,-80.15773167,2.10,5.881,-27.781,3.116,339,18,21,,
T,2026-07-24 13:27:25.000,26.41765833,-80.15774500,2.20,6.381,-27.781,3.113,336,18,21,,
T,2026-07-24 13:27:26.000,26.41768667,-80.15776000,2.20,6.581,-27.781,3.137,337,18,21,,
T,2026-07-24 13:27:27.000,26.41771667,-80.15777333,2.20,6.781,-27.781,3.151,339,18,21,,
T,2026-07-24 13:27:28.000,26.41774667,-80.15778500,2.20,6.981,-27.781,3.207,339,18,21,,
T,2026-07-24 13:27:29.000,26.41777500,-80.15780000,2.30,7.280,-27.780,3.216,337,18,21,,
T,2026-07-24 13:27:30.000,26.41780167,-80.15781333,2.30,7.480,-27.780,3.254,334,18,21,,
T,2026-07-24 13:27:31.000,26.41782833,-80.15782500,2.30,7.280,-27.780,3.262,328,18,21,,
T,2026-07-24 13:27:32.000,26.41785333,-80.15783833,2.30,7.380,-27.780,3.279,328,18,21,,
T,2026-07-24 13:27:33.000,26.41788000,-80.15785333,2.30,7.480,-27.780,3.294,336,18,21,,
T,2026-07-24 13:27:34.000,26.41790667,-80.15786667,2.30,7.580,-27.780,3.296,331,18,21,,
T,2026-07-24 13:27:35.000,26.41793167,-80.15788167,2.30,7.180,-27.780,3.316,329,18,21,,
T,2026-07-24 13:27:36.000,26.41795833,-80.15789833,2.30,6.980,-27.780,3.302,333,18,21,,
T,2026-07-24 13:27:37.000,26.41798167,-80.15791167,2.30,5.980,-27.780,3.265,338,18,21,,
T,2026-07-24 13:27:38.000,26.41800333,-80.15792333,2.30,5.580,-27.780,3.219,337,18,21,,
T,2026-07-24 13:27:39.000,26.41802833,-80.15794500,2.00,5.480,-27.780,3.189,334,18,21,,
T,2026-07-24 13:27:40.000,26.41805000,-80.15796500,1.80,5.580,-27.780,3.160,325,18,21,,
T,2026-07-24 13:27:41.000,26.41807167,-80.15798167,2.00,5.280,-27.780,3.171,324,18,21,,
T,2026-07-24 13:27:42.000,26.41809500,-80.15799833,2.10,5.080,-27.780,3.178,326,18,21,,
T,2026-07-24 13:27:43.000,26.41812000,-80.15801667,2.20,4.980,-27.780,3.178,325,18,21,,
T,2026-07-24 13:27:44.000,26.41814667,-80.15803333,2.20,4.680,-27.780,3.181,326,18,21,,
T,2026-07-24 13:27:45.000,26.41817167,-80.15805167,2.20,3.780,-27.780,3.163,325,18,21,,
T,2026-07-24 13:27:46.000,26.41819500,-80.15807167,2.30,3.880,-27.780,3.160,324,18,21,,
T,2026-07-24 13:27:47.000,26.41822000,-80.15809000,2.20,3.880,-27.780,3.180,326,18,21,,
T,2026-07-24 13:27:48.000,26.41824167,-80.15811000,2.30,3.579,-27.779,3.211,325,18,21,,
T,2026-07-24 13:27:49.000,26.41826500,-80.15812833,2.30,3.679,-27.779,3.229,328,18,21,,
T,2026-07-24 13:27:50.000,26.41828833,-80.15814667,2.30,3.579,-27.779,3.248,328,18,21,,
T,2026-07-24 13:27:51.000,26.41831500,-80.15816500,2.30,3.379,-27.779,3.263,324,18,21,,
T,2026-07-24 13:27:52.000,26.41834000,-80.15818500,2.30,3.579,-27.779,3.265,324,18,21,,
T,2026-07-24 13:27:53.000,26.41836833,-80.15820500,2.30,4.279,-27.779,3.273,324,18,21,,
T,2026-07-24 13:27:54.000,26.41839500,-80.15822500,2.30,4.579,-27.779,3.284,326,18,21,,
T,2026-07-24 13:27:55.000,26.41841667,-80.15824000,2.30,4.579,-27.779,3.291,326,18,21,,
T,2026-07-24 13:27:56.000,26.41843667,-80.15825667,2.30,4.579,-27.779,3.299,324,18,21,,
T,2026-07-24 13:27:57.000,26.41846167,-80.15827500,2.30,4.479,-27.779,3.353,325,18,21,,
T,2026-07-24 13:27:58.000,26.41849000,-80.15829333,2.30,4.079,-27.779,3.383,324,18,21,,
T,2026-07-24 13:27:59.000,26.41851500,-80.15831500,2.30,4.179,-27.779,3.423,325,18,21,,
T,2026-07-24 13:28:00.000,26.41854167,-80.15833667,2.30,4.279,-27.779,3.451,324,18,21,,
T,2026-07-24 13:28:01.000,26.41856833,-80.15836000,2.30,4.579,-27.779,3.440,322,18,21,,
T,2026-07-24 13:28:02.000,26.41859167,-80.15837833,2.30,4.179,-27.779,3.446,324,18,21,,
T,2026-07-24 13:28:03.000,26.41861500,-80.15839667,2.30,4.078,-27.778,3.447,325,18,21,,
T,2026-07-24 13:28:04.000,26.41864000,-80.15841667,2.30,3.678,-27.778,3.445,324,18,21,,
T,2026-07-24 13:28:05.000,26.41866167,-80.15843500,2.30,3.478,-27.778,3.426,324,18,21,,
T,2026-07-24 13:28:06.000,26.41868333,-80.15845000,2.30,3.278,-27.778,3.425,323,18,21,,
T,2026-07-24 13:28:07.000,26.41870500,-80.15846667,2.30,2.878,-27.778,3.416,325,18,21,,
T,2026-07-24 13:28:08.000,26.41872833,-80.15848667,2.30,2.878,-27.778,3.399,325,18,21,,
T,2026-07-24 13:28:09.000,26.41875167,-80.15850333,2.30,2.578,-27.778,3.367,324,18,21,,
T,2026-07-24 13:28:10.000,26.41878167,-80.15852500,2.30,2.778,-27.778,3.337,324,18,21,,
T,2026-07-24 13:28:11.000,26.41880833,-80.15854500,2.30,2.878,-27.778,3.346,324,18,21,,
T,2026-07-24 13:28:12.000,26.41883667,-80.15856667,2.30,2.978,-27.778,3.329,326,18,21,,
T,2026-07-24 13:28:13.000,26.41886333,-80.15859000,2.30,3.078,-27.778,3.309,327,18,21,,
T,2026-07-24 13:28:14.000,26.41889000,-80.15861167,2.30,3.178,-27.778,3.296,326,18,21,,
T,2026-07-24 13:28:15.000,26.41891667,-80.15863167,2.30,3.278,-27.778,3.310,326,18,21,,
T,2026-07-24 13:28:16.000,26.41894500,-80.15865333,2.30,3.878,-27.778,3.324,324,18,21,,
T,2026-07-24 13:28:17.000,26.41896667,-80.15866833,2.30,4.178,-27.778,3.295,325,18,21,,
T,2026-07-24 13:28:18.000,26.41899000,-80.15868333,2.30,4.278,-27.778,3.284,325,18,21,,
T,2026-07-24 13:28:19.000,26.41901667,-80.15870333,2.30,4.377,-27.777,3.280,327,18,21,,
T,2026-07-24 13:28:20.000,26.41904500,-80.15872167,2.20,4.377,-27.777,3.278,327,18,21,,
T,2026-07-24 13:28:21.000,26.41907333,-80.15874333,2.20,4.477,-27.777,3.290,325,18,21,,
T,2026-07-24 13:28:22.000,26.41909833,-80.15876333,2.20,4.277,-27.777,3.299,326,18,21,,
T,2026-07-24 13:28:23.000,26.41912000,-80.15878000,2.30,4.677,-27.777,3.299,329,18,21,,
T,2026-07-24 13:28:24.000,26.41914500,-80.15880000,2.30,4.977,-27.777,3.310,330,18,21,,
T,2026-07-24 13:28:25.000,26.41917000,-80.15882000,2.30,5.077,-27.777,3.307,322,18,21,,
T,2026-07-24 13:28:26.000,26.41919167,-80.15884000,2.30,4.877,-27.777,3.275,318,18,21,,
T,2026-07-24 13:28:27.000,26.41921500,-80.15885833,2.30,4.877,-27.777,3.254,322,18,21,,
T,2026-07-24 13:28:28.000,26.41923500,-80.15887667,2.30,4.677,-27.777,3.255,325,18,21,,
T,2026-07-24 13:28:29.000,26.41926167,-80.15889333,2.30,4.877,-27.777,3.245,327,18,21,,
T,2026-07-24 13:28:30.000,26.41928167,-80.15890833,2.30,4.677,-27.777,3.233,324,18,21,,
T,2026-07-24 13:28:31.000,26.41930500,-80.15892833,2.30,4.977,-27.777,3.219,321,18,21,,
T,2026-07-24 13:28:32.000,26.41932667,-80.15894667,2.30,4.977,-27.777,3.222,322,18,21,,
T,2026-07-24 13:28:33.000,26.41935000,-80.15896500,2.30,5.277,-27.777,3.211,321,18,21,,
T,2026-07-24 13:28:34.000,26.41937500,-80.15898667,2.30,5.776,-27.776,3.173,320,18,21,,
T,2026-07-24 13:28:35.000,26.41939667,-80.15900500,2.30,5.776,-27.776,3.092,321,18,21,,
T,2026-07-24 13:28:36.000,26.41941667,-80.15902500,2.00,6.376,-27.776,2.990,323,18,21,,
T,2026-07-24 13:28:37.000,26.41942833,-80.15903500,1.80,6.576,-27.776,2.915,321,18,21,,
T,2026-07-24 13:28:38.000,26.41944833,-80.15905333,1.70,6.676,-27.776,2.843,320,18,21,,
T,2026-07-24 13:28:39.000,26.41946500,-80.15906833,1.70,6.676,-27.776,2.756,322,18,21,,
T,2026-07-24 13:28:40.000,26.41948500,-80.15908667,1.70,6.776,-27.776,2.643,320,18,21,,
T,2026-07-24 13:28:41.000,26.41950167,-80.15910333,1.70,6.976,-27.776,2.492,318,18,21,,
T,2026-07-24 13:28:42.000,26.41951500,-80.15912000,1.70,7.476,-27.776,2.316,314,18,21,,
T,2026-07-24 13:28:43.000,26.41952333,-80.15913333,1.70,7.476,-27.776,2.161,309,18,21,,
T,2026-07-24 13:28:44.000,26.41953333,-80.15914333,1.70,7.876,-27.776,1.963,321,18,21,,
T,2026-07-24 13:28:45.000,26.41954333,-80.15915333,1.70,8.376,-27.776,1.784,334,18,21,,
T,2026-07-24 13:28:46.000,26.41955000,-80.15915833,1.60,8.676,-27.776,1.639,324,18,21,,
T,2026-07-24 13:28:47.000,26.41955667,-80.15916000,1.60,8.876,-27.776,1.475,347,18,21,,
T,2026-07-24 13:28:48.000,26.41955667,-80.15915833,1.60,9.176,-27.776,1.231,3,18,21,,
T,2026-07-24 13:28:49.000,26.41955667,-80.15915833,1.60,9.376,-27.776,1.006,301,18,21,,
T,2026-07-24 13:28:50.000,26.41955333,-80.15915667,1.50,9.676,-27.776,0.816,330,18,21,,
T,2026-07-24 13:28:51.000,26.41955167,-80.15915667,1.50,9.976,-27.776,0.639,76,18,21,,
T,2026-07-24 13:28:52.000,26.41955000,-80.15915333,1.40,10.276,-27.776,0.482,118,18,21,,
T,2026-07-24 13:28:53.000,26.41954667,-80.15915167,1.40,10.676,-27.776,0.000,,18,21,,
T,2026-07-24 13:28:54.000,26.41954500,-80.15915000,1.40,10.876,-27.776,0.000,,18,21,,
T,2026-07-24 13:28:55.000,26.41954500,-80.15915000,1.40,11.076,-27.776,0.000,,18,21,,
T,2026-07-24 13:28:56.000,26.41954500,-80.15915000,1.50,11.076,-27.776,0.000,,18,21,,
T,2026-07-24 13:28:57.000,26.41956333,-80.15916000,1.70,10.976,-27.776,0.361,353,18,21,,
T,2026-07-24 13:28:58.000,26.41958500,-80.15916000,1.70,10.676,-27.776,0.545,0,18,21,,
T,2026-07-24 13:28:59.000,26.41960167,-80.15915667,1.60,10.476,-27.776,0.744,14,18,21,,
T,2026-07-24 13:29:00.000,26.41962500,-80.15915000,1.60,10.576,-27.776,0.970,20,18,21,,
T,2026-07-24 13:29:01.000,26.41964667,-80.15914000,1.60,11.176,-27.776,1.206,30,18,21,,
T,2026-07-24 13:29:02.000,26.41967000,-80.15912333,1.60,11.376,-27.776,1.475,35,18,21,,
T,2026-07-24 13:29:03.000,26.41968833,-80.15910667,1.60,11.776,-27.776,1.741,40,18,21,,
T,2026-07-24 13:29:04.000,26.41970833,-80.15908833,1.70,12.376,-27.776,2.006,50,18,21,,
T,2026-07-24 13:29:05.000,26.41972333,-80.15906833,1.70,12.376,-27.776,2.259,47,18,21,,
T,2026-07-24 13:29:06.000,26.41974333,-80.15904333,1.60,11.876,-27.776,2.457,43,18,21,,
T,2026-07-24 13:29:07.000,26.41976167,-80.15902333,1.70,12.077,-27.777,2.570,45,18,21,,
T,2026-07-24 13:29:08.000,26.41978000,-80.15900167,1.70,12.377,-27.777,2.678,51,18,21,,
T,2026-07-24 13:29:09.000,26.41979500,-80.15897833,1.90,12.377,-27.777,2.756,58,18,21,,
T,2026-07-24 13:29:10.000,26.41981167,-80.15895333,2.00,11.977,-27.777,2.811,51,18,21,,
T,2026-07-24 13:29:11.000,26.41983667,-80.15893167,1.80,11.977,-27.777,2.880,46,18,21,,
T,2026-07-24 13:29:12.000,26.41986000,-80.15891167,1.80,11.677,-27.777,2.917,45,18,21,,
T,2026-07-24 13:29:13.000,26.41988000,-80.15888833,2.00,11.477,-27.777,2.969,46,18,21,,
T,2026-07-24 13:29:14.000,26.41990000,-80.15886500,2.10,11.177,-27.777,3.023,44,18,21,,
T,2026-07-24 13:29:15.000,26.41992167,-80.15884167,2.10,10.677,-27.777,3.078,46,18,21,,
T,2026-07-24 13:29:16.000,26.41994167,-80.15881833,2.20,9.977,-27.777,3.104,46,18,21,,
T,2026-07-24 13:29:17.000,26.41996167,-80.15879333,2.20,9.278,-27.778,3.152,42,18,21,,
T,2026-07-24 13:29:18.000,26.41998167,-80.15876667,2.20,8.678,-27.778,3.176,48,18,21,,
T,2026-07-24 13:29:19.000,26.42000000,-80.15874333,2.30,8.578,-27.778,3.211,48,18,21,,
T,2026-07-24 13:29:20.000,26.42001667,-80.15871667,2.30,8.278,-27.778,3.231,51,18,21,,
T,2026-07-24 13:29:21.000,26.42003000,-80.15869000,2.30,7.878,-27.778,3.210,56,18,21,,
T,2026-07-24 13:29:22.000,26.42004333,-80.15866833,2.30,7.878,-27.778,3.173,55,18,21,,
T,2026-07-24 13:29:23.000,26.42005333,-80.15865333,1.90,8.578,-27.778,3.093,57,18,21,,
T,2026-07-24 13:29:24.000,26.42006333,-80.15863333,1.70,8.478,-27.778,2.972,50,18,21,,
T,2026-07-24 13:29:25.000,26.42007833,-80.15861833,1.70,8.778,-27.778,2.830,57,18,21,,
T,2026-07-24 13:29:26.000,26.42009000,-80.15860333,1.70,8.978,-27.778,2.665,47,18,21,,
T,2026-07-24 13:29:27.000,26.42010000,-80.15859500,1.70,9.178,-27.778,2.475,33,18,21,,
T,2026-07-24 13:29:28.000,26.42011000,-80.15859000,1.70,9.379,-27.779,2.348,34,18,21,,
T,2026-07-24 13:29:29.000,26.42011667,-80.15858333,1.70,9.179,-27.779,2.043,50,18,21,,
T,2026-07-24 13:29:30.000,26.42011333,-80.15858500,1.60,9.279,-27.779,1.740,126,18,21,,
T,2026-07-24 13:29:31.000,26.42011000,-80.15858333,1.50,9.279,-27.779,1.457,190,18,21,,
T,2026-07-24 13:29:32.000,26.42010833,-80.15858500,1.50,9.179,-27.779,1.190,213,18,21,,
T,2026-07-24 13:29:33.000,26.42010667,-80.15858333,1.40,9.079,-27.779,0.952,168,18,21,,
T,2026-07-24 13:29:34.000,26.42010667,-80.15858167,1.40,9.079,-27.779,0.749,203,18,21,,
T,2026-07-24 13:29:35.000,26.42010333,-80.15858167,1.40,8.879,-27.779,0.567,155,18,21,,
T,2026-07-24 13:29:36.000,26.42010167,-80.15858333,1.40,8.679,-27.779,0.413,123,18,21,,
T,2026-07-24 13:29:37.000,26.42010167,-80.15858333,1.40,8.379,-27.779,0.000,,17,21,,
T,2026-07-24 13:29:38.000,26.42010500,-80.15858333,1.30,8.079,-27.779,0.000,,18,21,,
T,2026-07-24 13:29:39.000,26.42011000,-80.15858000,1.40,7.879,-27.779,0.000,,18,21,,
T,2026-07-24 13:29:40.000,26.42012000,-80.15857667,1.50,7.779,-27.779,0.270,29,18,21,,
T,2026-07-24 13:29:41.000,26.42013333,-80.15857000,1.60,7.779,-27.779,0.396,18,18,21,,
T,2026-07-24 13:29:42.000,26.42015333,-80.15857167,1.70,8.179,-27.779,0.562,357,18,21,,
T,2026-07-24 13:29:43.000,26.42017000,-80.15857833,1.70,8.679,-27.779,0.758,337,18,21,,
T,2026-07-24 13:29:44.000,26.42019000,-80.15859167,1.70,8.179,-27.779,1.006,323,18,21,,
T,2026-07-24 13:29:45.000,26.42020833,-80.15860667,1.70,8.679,-27.779,1.280,322,18,21,,
T,2026-07-24 13:29:46.000,26.42022833,-80.15862167,1.70,9.278,-27.778,1.558,331,18,21,,
T,2026-07-24 13:29:47.000,26.42025000,-80.15863500,1.70,9.878,-27.778,1.860,329,18,21,,
T,2026-07-24 13:29:48.000,26.42027167,-80.15865333,1.80,10.378,-27.778,2.130,327,18,21,,
T,2026-07-24 13:29:49.000,26.42029333,-80.15867000,2.00,10.478,-27.778,2.365,327,18,21,,
T,2026-07-24 13:29:50.000,26.42031833,-80.15868667,2.10,10.478,-27.778,2.560,328,18,21,,
T,2026-07-24 13:29:51.000,26.42034167,-80.15870333,2.20,10.778,-27.778,2.722,329,18,21,,
T,2026-07-24 13:29:52.000,26.42036333,-80.15871833,2.20,10.878,-27.778,2.852,328,18,21,,
T,2026-07-24 13:29:53.000,26.42038167,-80.15873833,1.90,11.578,-27.778,2.961,326,18,21,,
T,2026-07-24 13:29:54.000,26.42040667,-80.15875500,1.70,12.078,-27.778,2.994,326,18,21,,
T,2026-07-24 13:29:55.000,26.42042833,-80.15877167,1.90,11.978,-27.778,3.003,324,18,21,,
T,2026-07-24 13:29:56.000,26.42044833,-80.15879333,1.80,12.078,-27.778,3.047,313,18,21,,
T,2026-07-24 13:29:57.000,26.42047000,-80.15881167,1.80,12.478,-27.778,3.029,312,18,21,,
T,2026-07-24 13:29:58.000,26.42049000,-80.15882833,2.00,12.678,-27.778,3.019,328,18,21,,
T,2026-07-24 13:29:59.000,26.42051333,-80.15884500,1.80,12.678,-27.778,3.004,331,18,21,,
T,2026-07-24 13:30:00.000,26.42053167,-80.15885500,1.80,12.478,-27.778,2.967,336,18,21,,
T,2026-07-24 13:30:01.000,26.42055667,-80.15887333,1.80,12.578,-27.778,2.978,327,18,21,,
T,2026-07-24 13:30:02.000,26.42058333,-80.15889500,1.70,12.078,-27.778,3.054,328,18,21,,
T,2026-07-24 13:30:03.000,26.42061167,-80.15891333,2.00,11.877,-27.777,3.130,328,18,21,,
T,2026-07-24 13:30:04.000,26.42063333,-80.15892833,2.20,11.077,-27.777,3.173,326,18,21,,
T,2026-07-24 13:30:05.000,26.42065500,-80.15894333,2.20,10.277,-27.777,3.185,327,18,21,,
T,2026-07-24 13:30:06.000,26.42067833,-80.15895667,2.20,9.777,-27.777,3.165,324,18,21,,
T,2026-07-24 13:30:07.000,26.42070000,-80.15897500,2.30,9.377,-27.777,3.200,323,18,21,,
T,2026-07-24 13:30:08.000,26.42072167,-80.15899500,2.30,8.677,-27.777,3.210,322,18,21,,
T,2026-07-24 13:30:09.000,26.42074500,-80.15901333,2.30,8.477,-27.777,3.230,321,18,21,,
T,2026-07-24 13:30:10.000,26.42076833,-80.15903500,2.30,7.977,-27.777,3.268,318,18,21,,
T,2026-07-24 13:30:11.000,26.42078667,-80.15905667,2.30,7.277,-27.777,3.281,311,18,21,,
T,2026-07-24 13:30:12.000,26.42080833,-80.15907833,2.30,6.877,-27.777,3.235,321,18,21,,
T,2026-07-24 13:30:13.000,26.42083167,-80.15909833,2.30,6.877,-27.777,3.167,316,18,21,,
T,2026-07-24 13:30:14.000,26.42085333,-80.15912000,2.30,6.777,-27.777,3.155,322,18,21,,
T,2026-07-24 13:30:15.000,26.42087667,-80.15913833,2.40,6.777,-27.777,3.175,319,18,21,,
T,2026-07-24 13:30:16.000,26.42090000,-80.15916000,2.30,6.377,-27.777,3.201,320,18,21,,
T,2026-07-24 13:30:17.000,26.42092500,-80.15918333,2.30,6.077,-27.777,3.201,320,18,21,,
T,2026-07-24 13:30:18.000,26.42094667,-80.15920667,2.30,6.176,-27.776,3.215,319,18,21,,
T,2026-07-24 13:30:19.000,26.42097000,-80.15922833,2.30,5.576,-27.776,3.206,318,18,21,,
T,2026-07-24 13:30:20.000,26.42099000,-80.15925167,2.30,5.676,-27.776,3.222,319,18,21,,
T,2026-07-24 13:30:21.000,26.42101333,-80.15927500,2.30,5.676,-27.776,3.249,318,18,21,,
T,2026-07-24 13:30:22.000,26.42103667,-80.15930000,2.30,5.676,-27.776,3.263,314,18,21,,
T,2026-07-24 13:30:23.000,26.42106000,-80.15932333,2.30,5.276,-27.776,3.285,316,18,21,,
T,2026-07-24 13:30:24.000,26.42108333,-80.15934833,2.30,5.276,-27.776,3.326,316,18,21,,
T,2026-07-24 13:30:25.000,26.42110500,-80.15937167,2.30,4.976,-27.776,3.351,319,18,21,,
T,2026-07-24 13:30:26.000,26.42112667,-80.15939500,2.40,4.676,-27.776,3.351,317,18,21,,
T,2026-07-24 13:30:27.000,26.42114833,-80.15941833,2.30,5.376,-27.776,3.411,316,18,21,,
T,2026-07-24 13:30:28.000,26.42117000,-80.15944167,2.30,5.576,-27.776,3.422,320,18,21,,
T,2026-07-24 13:30:29.000,26.42119167,-80.15946500,2.30,5.776,-27.776,3.425,315,18,21,,
T,2026-07-24 13:30:30.000,26.42121333,-80.15949000,2.40,6.075,-27.775,3.458,320,18,21,,
T,2026-07-24 13:30:31.000,26.42123833,-80.15951833,2.30,6.875,-27.775,3.458,326,17,21,,
T,2026-07-24 13:30:32.000,26.42126000,-80.15953667,2.30,6.975,-27.775,3.457,331,18,21,,
T,2026-07-24 13:30:33.000,26.42128667,-80.15955667,2.30,7.375,-27.775,3.485,322,18,21,,
T,2026-07-24 13:30:34.000,26.42131167,-80.15957667,2.30,7.575,-27.775,3.487,323,18,21,,
T,2026-07-24 13:30:35.000,26.42133833,-80.15960000,2.30,8.075,-27.775,3.497,328,18,21,,
T,2026-07-24 13:30:36.000,26.42137000,-80.15962167,2.20,9.075,-27.775,3.515,328,18,21,,
T,2026-07-24 13:30:37.000,26.42140000,-80.15964000,1.90,9.275,-27.775,3.489,330,18,21,,
T,2026-07-24 13:30:38.000,26.42142833,-80.15965833,2.10,9.175,-27.775,3.516,328,18,21,,
T,2026-07-24 13:30:39.000,26.42145500,-80.15967500,2.20,8.875,-27.775,3.554,331,18,21,,
T,2026-07-24 13:30:40.000,26.42148167,-80.15969000,2.20,8.475,-27.775,3.543,331,18,21,,
T,2026-07-24 13:30:41.000,26.42150833,-80.15970833,2.20,7.475,-27.775,3.558,330,18,21,,
T,2026-07-24 13:30:42.000,26.42153500,-80.15972833,2.30,7.775,-27.775,3.568,332,18,21,,
T,2026-07-24 13:30:43.000,26.42156333,-80.15974333,2.30,6.575,-27.775,3.553,331,18,21,,
T,2026-07-24 13:30:44.000,26.42159333,-80.15975833,2.30,6.475,-27.775,3.540,334,18,21,,
T,2026-07-24 13:30:45.000,26.42162333,-80.15977167,2.30,5.475,-27.775,3.541,338,18,21,,
T,2026-07-24 13:30:46.000,26.42165500,-80.15978333,2.30,5.174,-27.774,3.550,335,18,21,,
T,2026-07-24 13:30:47.000,26.42168333,-80.15980000,2.30,5.374,-27.774,3.550,338,18,21,,
T,2026-07-24 13:30:48.000,26.42171000,-80.15981333,2.30,5.374,-27.774,3.535,341,18,21,,
T,2026-07-24 13:30:49.000,26.42174333,-80.15982833,2.30,5.974,-27.774,3.538,340,18,21,,
T,2026-07-24 13:30:50.000,26.42177500,-80.15984167,2.30,6.374,-27.774,3.544,342,18,21,,
T,2026-07-24 13:30:51.000,26.42180333,-80.15985333,2.30,6.674,-27.774,3.534,346,18,21,,
T,2026-07-24 13:30:52.000,26.42183500,-80.15985833,2.30,5.574,-27.774,3.524,346,18,21,,
T,2026-07-24 13:30:53.000,26.42186500,-80.15986500,2.30,5.174,-27.774,3.508,349,18,21,,
T,2026-07-24 13:30:54.000,26.42189667,-80.15987167,2.30,5.774,-27.774,3.492,354,18,21,,
T,2026-07-24 13:30:55.000,26.42192667,-80.15987833,2.30,6.174,-27.774,3.466,353,18,21,,
T,2026-07-24 13:30:56.000,26.42195667,-80.15988333,2.40,6.474,-27.774,3.448,354,18,21,,
T,2026-07-24 13:30:57.000,26.42198500,-80.15988667,2.40,6.674,-27.774,3.423,359,18,21,,
T,2026-07-24 13:30:58.000,26.42201500,-80.15988667,2.30,7.274,-27.774,3.416,3,18,21,,
T,2026-07-24 13:30:59.000,26.42204667,-80.15988500,2.40,7.574,-27.774,3.417,3,18,21,,
T,2026-07-24 13:31:00.000,26.42207833,-80.15988333,2.40,7.674,-27.774,3.430,8,18,21,,
T,2026-07-24 13:31:01.000,26.42211000,-80.15987333,2.40,7.574,-27.774,3.427,7,18,21,,
T,2026-07-24 13:31:02.000,26.42214167,-80.15986167,2.30,7.674,-27.774,3.425,12,18,21,,
T,2026-07-24 13:31:03.000,26.42217500,-80.15985500,2.30,7.274,-27.774,3.431,14,18,21,,
T,2026-07-24 13:31:04.000,26.42220667,-80.15984500,2.30,6.775,-27.775,3.439,16,18,21,,
T,2026-07-24 13:31:05.000,26.42223667,-80.15983667,2.30,6.775,-27.775,3.451,17,18,21,,
T,2026-07-24 13:31:06.000,26.42226500,-80.15982500,2.40,6.575,-27.775,3.434,23,18,21,,
T,2026-07-24 13:31:07.000,26.42229500,-80.15981000,2.30,5.775,-27.775,3.438,28,18,21,,
T,2026-07-24 13:31:08.000,26.42232500,-80.15979333,2.30,5.475,-27.775,3.423,29,18,21,,
T,2026-07-24 13:31:09.000,26.42235167,-80.15977833,2.30,5.575,-27.775,3.392,30,18,21,,
T,2026-07-24 13:31:10.000,26.42238167,-80.15975667,2.30,5.575,-27.775,3.357,33,18,21,,
T,2026-07-24 13:31:11.000,26.42240667,-80.15974000,2.30,5.775,-27.775,3.327,31,18,21,,
T,2026-07-24 13:31:12.000,26.42242833,-80.15972000,2.30,6.275,-27.775,3.283,37,18,21,,
T,2026-07-24 13:31:13.000,26.42245000,-80.15970333,2.40,6.475,-27.775,3.221,37,18,21,,
T,2026-07-24 13:31:14.000,26.42247167,-80.15968167,2.00,8.475,-27.775,3.119,42,18,21,,
T,2026-07-24 13:31:15.000,26.42249000,-80.15966500,1.80,9.375,-27.775,2.945,43,18,21,,
T,2026-07-24 13:31:16.000,26.42249833,-80.15965333,1.70,9.875,-27.775,2.763,47,18,21,,
T,2026-07-24 13:31:17.000,26.42250500,-80.15964167,1.60,9.776,-27.776,2.528,67,18,21,,
T,2026-07-24 13:31:18.000,26.42250833,-80.15964000,1.60,9.576,-27.776,2.244,69,18,21,,
T,2026-07-24 13:31:19.000,26.42250833,-80.15964333,1.50,9.276,-27.776,1.926,90,18,21,,
T,2026-07-24 13:31:20.000,26.42251167,-80.15964333,1.50,8.976,-27.776,1.600,104,18,21,,
T,2026-07-24 13:31:21.000,26.42251500,-80.15964667,1.40,8.676,-27.776,1.286,23,18,21,,
T,2026-07-24 13:31:22.000,26.42251500,-80.15964833,1.40,8.476,-27.776,0.995,334,18,21,,
T,2026-07-24 13:31:23.000,26.42251667,-80.15965000,1.40,8.475,-27.775,0.719,336,18,21,,
T,2026-07-24 13:31:24.000,26.42251833,-80.15965000,1.30,8.675,-27.775,0.484,156,18,21,,
T,2026-07-24 13:31:25.000,26.42251833,-80.15964833,1.30,8.876,-27.776,0.000,,18,21,,
T,2026-07-24 13:31:26.000,26.42252167,-80.15964500,1.40,9.176,-27.776,0.000,,18,21,,
T,2026-07-24 13:31:27.000,26.42253833,-80.15962333,1.50,9.476,-27.776,0.530,42,18,21,,
T,2026-07-24 13:31:28.000,26.42256000,-80.15960167,1.60,9.776,-27.776,0.768,45,18,21,,
T,2026-07-24 13:31:29.000,26.42257833,-80.15957667,1.70,9.876,-27.776,1.058,47,18,21,,
T,2026-07-24 13:31:30.000,26.42259667,-80.15955667,1.70,9.576,-27.776,1.379,50,18,21,,
T,2026-07-24 13:31:31.000,26.42261500,-80.15953333,1.80,9.576,-27.776,1.718,54,18,21,,
T,2026-07-24 13:31:32.000,26.42263167,-80.15950333,2.00,9.276,-27.776,2.054,55,18,21,,
T,2026-07-24 13:31:33.000,26.42264833,-80.15947500,2.10,9.276,-27.776,2.397,57,18,21,,
T,2026-07-24 13:31:34.000,26.42266500,-80.15944500,2.20,9.276,-27.776,2.747,61,18,21,,
T,2026-07-24 13:31:35.000,26.42267833,-80.15941000,2.30,8.777,-27.777,3.094,70,18,21,,
T,2026-07-24 13:31:36.000,26.42268833,-80.15937333,2.30,8.577,-27.777,3.272,70,18,21,,
T,2026-07-24 13:31:37.000,26.42269667,-80.15933833,2.30,8.177,-27.777,3.376,69,18,21,,
T,2026-07-24 13:31:38.000,26.42270500,-80.15930667,2.40,8.277,-27.777,3.447,74,18,21,,
T,2026-07-24 13:31:39.000,26.42271333,-80.15927333,2.40,8.377,-27.777,3.507,74,18,21,,
T,2026-07-24 13:31:40.000,26.42271833,-80.15923667,2.50,8.277,-27.777,3.544,77,18,21,,
T,2026-07-24 13:31:41.000,26.42272333,-80.15920500,2.50,7.677,-27.777,3.554,83,18,21,,
T,2026-07-24 13:31:42.000,26.42272500,-80.15917333,2.50,7.678,-27.778,3.553,84,18,21,,
T,2026-07-24 13:31:43.000,26.42272667,-80.15914000,2.40,7.178,-27.778,3.569,86,18,21,,
T,2026-07-24 13:31:44.000,26.42272833,-80.15910500,2.40,7.378,-27.778,3.568,87,18,21,,
T,2026-07-24 13:31:45.000,26.42272667,-80.15906833,2.40,7.278,-27.778,3.567,90,18,21,,
T,2026-07-24 13:31:46.000,26.42272500,-80.15903500,2.40,7.278,-27.778,3.538,91,18,21,,
T,2026-07-24 13:31:47.000,26.42272167,-80.15900000,2.40,7.478,-27.778,3.517,92,17,21,,
T,2026-07-24 13:31:48.000,26.42271833,-80.15896167,2.40,7.578,-27.778,3.510,95,18,21,,
T,2026-07-24 13:31:49.000,26.42271667,-80.15892333,2.40,7.279,-27.779,3.520,91,17,21,,
T,2026-07-24 13:31:50.000,26.42271667,-80.15888667,2.30,7.279,-27.779,3.515,91,17,21,,
T,2026-07-24 13:31:51.000,26.42271667,-80.15885333,2.30,7.479,-27.779,3.493,95,17,21,,
T,2026-07-24 13:31:52.000,26.42271500,-80.15881833,2.30,7.579,-27.779,3.512,92,18,21,,
T,2026-07-24 13:31:53.000,26.42271167,-80.15878333,2.40,7.779,-27.779,3.516,94,18,21,,
T,2026-07-24 13:31:54.000,26.42271000,-80.15874833,2.40,8.179,-27.779,3.507,91,18,21,,
T,2026-07-24 13:31:55.000,26.42271000,-80.15871333,2.40,8.579,-27.779,3.504,91,18,21,,
T,2026-07-24 13:31:56.000,26.42270833,-80.15867833,2.40,8.780,-27.780,3.507,91,18,21,,
T,2026-07-24 13:31:57.000,26.42270667,-80.15864333,2.40,8.880,-27.780,3.519,95,18,21,,
T,2026-07-24 13:31:58.000,26.42270667,-80.15861000,2.40,8.880,-27.780,3.526,94,18,21,,
T,2026-07-24 13:31:59.000,26.42270667,-80.15858500,2.40,8.680,-27.780,3.436,94,18,21,,
T,2026-07-24 13:32:00.000,26.42270667,-80.15855833,2.40,8.380,-27.780,3.344,91,18,21,,
T,2026-07-24 13:32:01.000,26.42271333,-80.15853333,2.00,8.580,-27.780,3.253,94,18,21,,
T,2026-07-24 13:32:02.000,26.42271167,-80.15851000,1.80,8.480,-27.780,3.126,94,18,21,,
T,2026-07-24 13:32:03.000,26.42271167,-80.15849000,1.80,8.280,-27.780,2.948,94,18,21,,
T,2026-07-24 13:32:04.000,26.42271333,-80.15847500,1.70,7.680,-27.780,2.744,100,18,21,,
T,2026-07-24 13:32:05.000,26.42271333,-80.15846333,1.70,7.480,-27.780,2.462,91,18,21,,
T,2026-07-24 13:32:06.000,26.42271167,-80.15846000,1.60,7.481,-27.781,2.137,92,18,21,,
T,2026-07-24 13:32:07.000,26.42271000,-80.15845667,1.50,7.681,-27.781,1.791,111,18,21,,
T,2026-07-24 13:32:08.000,26.42270833,-80.15845333,1.50,8.181,-27.781,1.447,131,18,21,,
T,2026-07-24 13:32:09.000,26.42270667,-80.15845167,1.40,8.381,-27.781,1.172,85,18,21,,
T,2026-07-24 13:32:10.000,26.42270500,-80.15845167,1.40,8.581,-27.781,0.915,216,18,21,,
T,2026-07-24 13:32:11.000,26.42270333,-80.15845333,1.40,8.681,-27.781,0.685,239,18,21,,
T,2026-07-24 13:32:12.000,26.42270333,-80.15845333,1.40,8.781,-27.781,0.452,240,18,21,,
T,2026-07-24 13:32:13.000,26.42270333,-80.15845500,1.40,9.081,-27.781,0.000,,18,21,,
T,2026-07-24 13:32:14.000,26.42270167,-80.15845667,1.40,9.481,-27.781,0.000,,18,21,,
T,2026-07-24 13:32:15.000,26.42270167,-80.15844000,1.50,9.581,-27.781,0.316,92,18,21,,
T,2026-07-24 13:32:16.000,26.42270333,-80.15841833,1.60,9.481,-27.781,0.514,89,18,21,,
T,2026-07-24 13:32:17.000,26.42270333,-80.15839333,1.60,9.181,-27.781,0.752,94,18,21,,
T,2026-07-24 13:32:18.000,26.42270667,-80.15836333,1.60,8.881,-27.781,1.005,82,18,21,,
T,2026-07-24 13:32:19.000,26.42270667,-80.15833333,1.70,9.181,-27.781,1.283,83,18,21,,
T,2026-07-24 13:32:20.000,26.42271500,-80.15830167,1.70,9.581,-27.781,1.576,85,18,21,,
T,2026-07-24 13:32:21.000,26.42271667,-80.15827000,1.70,9.881,-27.781,1.894,87,18,21,,
T,2026-07-24 13:32:22.000,26.42272000,-80.15823667,1.90,9.681,-27.781,2.225,85,18,21,,
T,2026-07-24 13:32:23.000,26.42272167,-80.15820333,2.10,9.382,-27.782,2.568,85,18,21,,
T,2026-07-24 13:32:24.000,26.42272500,-80.15817000,2.10,9.082,-27.782,2.827,86,18,21,,
T,2026-07-24 13:32:25.000,26.42272667,-80.15813667,2.20,8.582,-27.782,2.982,89,18,21,,
T,2026-07-24 13:32:26.000,26.42272833,-80.15810667,2.20,8.082,-27.782,3.104,82,18,21,,
T,2026-07-24 13:32:27.000,26.42273000,-80.15807500,2.30,7.682,-27.782,3.164,80,18,21,,
T,2026-07-24 13:32:28.000,26.42273167,-80.15804500,2.30,7.982,-27.782,3.189,78,18,21,,
T,2026-07-24 13:32:29.000,26.42273500,-80.15801333,2.30,8.382,-27.782,3.242,80,18,21,,
T,2026-07-24 13:32:30.000,26.42273500,-80.15797167,1.90,9.283,-27.783,3.289,79,18,21,,
T,2026-07-24 13:32:31.000,26.42274000,-80.15793667,2.00,8.883,-27.783,3.303,84,18,21,,
T,2026-07-24 13:32:32.000,26.42274500,-80.15790333,2.10,8.383,-27.783,3.313,83,18,21,,
T,2026-07-24 13:32:33.000,26.42274833,-80.15786833,2.20,8.283,-27.783,3.306,81,18,21,,
T,2026-07-24 13:32:34.000,26.42275167,-80.15783333,2.30,8.383,-27.783,3.299,83,18,21,,
T,2026-07-24 13:32:35.000,26.42275500,-80.15780000,2.30,8.583,-27.783,3.329,82,18,21,,
T,2026-07-24 13:32:36.000,26.42276167,-80.15776833,2.30,8.083,-27.783,3.330,81,18,21,,
T,2026-07-24 13:32:37.000,26.42276667,-80.15773500,2.30,8.184,-27.784,3.366,82,18,21,,
T,2026-07-24 13:32:38.000,26.42277333,-80.15770167,2.30,7.884,-27.784,3.421,82,18,21,,
T,2026-07-24 13:32:39.000,26.42277833,-80.15766833,2.30,8.084,-27.784,3.423,81,18,21,,
T,2026-07-24 13:32:40.000,26.42278333,-80.15763500,2.20,7.584,-27.784,3.414,82,18,21,,
T,2026-07-24 13:32:41.000,26.42278833,-80.15760167,2.30,7.884,-27.784,3.411,80,18,21,,
T,2026-07-24 13:32:42.000,26.42279500,-80.15757000,2.30,7.284,-27.784,3.402,79,18,21,,
T,2026-07-24 13:32:43.000,26.42280000,-80.15753667,2.30,7.184,-27.784,3.394,80,18,21,,
T,2026-07-24 13:32:44.000,26.42280667,-80.15750667,2.30,6.984,-27.784,3.375,77,18,21,,
T,2026-07-24 13:32:45.000,26.42281167,-80.15747500,2.30,6.385,-27.785,3.361,79,18,21,,
T,2026-07-24 13:32:46.000,26.42281500,-80.15744500,2.30,5.885,-27.785,3.349,79,18,21,,
T,2026-07-24 13:32:47.000,26.42282167,-80.15741500,2.30,5.985,-27.785,3.340,79,18,21,,
T,2026-07-24 13:32:48.000,26.42282667,-80.15738167,2.30,6.185,-27.785,3.327,78,18,21,,
T,2026-07-24 13:32:49.000,26.42283167,-80.15735000,2.30,6.385,-27.785,3.330,79,18,21,,
T,2026-07-24 13:32:50.000,26.42283667,-80.15731667,2.30,6.685,-27.785,3.317,76,18,21,,
T,2026-07-24 13:32:51.000,26.42284167,-80.15728333,2.30,6.685,-27.785,3.311,77,18,21,,
T,2026-07-24 13:32:52.000,26.42284833,-80.15725000,2.30,7.086,-27.786,3.318,78,18,21,,
T,2026-07-24 13:32:53.000,26.42285667,-80.15721833,2.30,7.286,-27.786,3.315,78,18,21,,
T,2026-07-24 13:32:54.000,26.42286000,-80.15718500,2.30,7.086,-27.786,3.325,79,18,21,,
T,2026-07-24 13:32:55.000,26.42286667,-80.15715333,2.30,7.386,-27.786,3.328,79,18,21,,
T,2026-07-24 13:32:56.000,26.42287333,-80.15712000,2.30,7.386,-27.786,3.345,78,18,21,,
T,2026-07-24 13:32:57.000,26.42288000,-80.15708667,2.30,6.986,-27.786,3.347,80,18,21,,
T,2026-07-24 13:32:58.000,26.42288667,-80.15705167,2.30,6.986,-27.786,3.367,83,19,21,,
T,2026-07-24 13:32:59.000,26.42289167,-80.15701500,2.30,7.287,-27.787,3.370,85,19,21,,
T,2026-07-24 13:33:00.000,26.42289333,-80.15697833,2.30,7.687,-27.787,3.386,84,19,21,,
T,2026-07-24 13:33:01.000,26.42289667,-80.15694333,2.40,7.887,-27.787,3.394,82,19,21,,
T,2026-07-24 13:33:02.000,26.42290000,-80.15690667,2.40,8.187,-27.787,3.399,81,19,21,,
T,2026-07-24 13:33:03.000,26.42290500,-80.15687000,2.40,8.487,-27.787,3.412,82,19,21,,
T,2026-07-24 13:33:04.000,26.42290833,-80.15683500,2.40,8.687,-27.787,3.418,84,19,21,,
T,2026-07-24 13:33:05.000,26.42291167,-80.15680000,2.40,8.787,-27.787,3.424,83,19,21,,
T,2026-07-24 13:33:06.000,26.42291500,-80.15676500,2.30,8.288,-27.788,3.424,86,19,21,,
T,2026-07-24 13:33:07.000,26.42291667,-80.15673167,2.30,7.788,-27.788,3.423,83,19,21,,
T,2026-07-24 13:33:08.000,26.42292167,-80.15670167,2.30,7.388,-27.788,3.390,87,19,21,,
T,2026-07-24 13:33:09.000,26.42292333,-80.15667000,2.30,7.688,-27.788,3.353,86,19,21,,
T,2026-07-24 13:33:10.000,26.42292500,-80.15664167,2.30,7.888,-27.788,3.311,87,19,21,,
T,2026-07-24 13:33:11.000,26.42292833,-80.15661333,2.30,8.188,-27.788,3.245,86,19,21,,
T,2026-07-24 13:33:12.000,26.42293500,-80.15658833,2.30,7.488,-27.788,3.142,92,19,21,,
T,2026-07-24 13:33:13.000,26.42294167,-80.15656667,1.90,8.688,-27.788,2.970,90,19,21,,
T,2026-07-24 13:33:14.000,26.42294000,-80.15655167,1.70,8.988,-27.788,2.737,99,19,21,,
T,2026-07-24 13:33:15.000,26.42293833,-80.15654500,1.60,9.389,-27.789,2.439,93,19,21,,
T,2026-07-24 13:33:16.000,26.42293833,-80.15654500,1.60,9.689,-27.789,2.104,91,19,21,,
T,2026-07-24 13:33:17.000,26.42294000,-80.15654333,1.50,9.789,-27.789,1.777,119,19,21,,
T,2026-07-24 13:33:18.000,26.42294167,-80.15654500,1.40,9.789,-27.789,1.468,79,19,21,,
T,2026-07-24 13:33:19.000,26.42294167,-80.15654667,1.40,9.889,-27.789,1.168,23,19,21,,
T,2026-07-24 13:33:20.000,26.42294000,-80.15654500,1.40,9.889,-27.789,0.889,93,19,21,,
T,2026-07-24 13:33:21.000,26.42293667,-80.15653333,1.40,9.689,-27.789,0.741,103,19,21,,
T,2026-07-24 13:33:22.000,26.42293500,-80.15650500,1.50,9.589,-27.789,0.754,87,19,21,,
T,2026-07-24 13:33:23.000,26.42293667,-80.15646833,1.60,9.289,-27.789,0.902,85,19,21,,
T,2026-07-24 13:33:24.000,26.42293833,-80.15643000,1.70,9.189,-27.789,1.117,83,19,21,,
T,2026-07-24 13:33:25.000,26.42294000,-80.15639667,1.90,9.089,-27.789,1.400,86,19,21,,
T,2026-07-24 13:33:26.000,26.42294333,-80.15636333,2.10,8.989,-27.789,1.726,84,19,21,,
T,2026-07-24 13:33:27.000,26.42294500,-80.15632667,2.20,8.789,-27.789,2.060,91,19,21,,
T,2026-07-24 13:33:28.000,26.42294667,-80.15629167,2.20,8.490,-27.790,2.401,90,19,21,,
T,2026-07-24 13:33:29.000,26.42295000,-80.15625667,2.20,8.090,-27.790,2.743,88,19,21,,
T,2026-07-24 13:33:30.000,26.42295000,-80.15622167,2.30,7.590,-27.790,3.060,89,19,21,,
T,2026-07-24 13:33:31.000,26.42295000,-80.15618833,2.30,7.290,-27.790,3.279,91,19,21,,
T,2026-07-24 13:33:32.000,26.42294833,-80.15615333,2.30,6.790,-27.790,3.372,93,19,21,,
T,2026-07-24 13:33:33.000,26.42294667,-80.15612167,2.30,6.290,-27.790,3.393,94,19,21,,
T,2026-07-24 13:33:34.000,26.42294333,-80.15608833,2.30,5.590,-27.790,3.413,93,19,21,,
T,2026-07-24 13:33:35.000,26.42294167,-80.15605333,2.30,5.391,-27.791,3.433,93,19,21,,
T,2026-07-24 13:33:36.000,26.42294000,-80.15602333,2.30,5.191,-27.791,3.446,93,19,21,,
T,2026-07-24 13:33:37.000,26.42294167,-80.15599167,2.20,5.091,-27.791,3.450,95,19,21,,
T,2026-07-24 13:33:38.000,26.42294333,-80.15595500,1.90,5.791,-27.791,3.469,89,19,21,,
T,2026-07-24 13:33:39.000,26.42293833,-80.15591667,1.80,5.691,-27.791,3.483,94,19,21,,
T,2026-07-24 13:33:40.000,26.42293333,-80.15588000,1.80,6.091,-27.791,3.488,96,19,21,,
T,2026-07-24 13:33:41.000,26.42292833,-80.15584333,1.60,6.091,-27.791,3.488,97,19,21,,
T,2026-07-24 13:33:42.000,26.42292333,-80.15580833,1.70,6.692,-27.792,3.486,98,19,21,,
T,2026-07-24 13:33:43.000,26.42291833,-80.15577167,1.60,7.092,-27.792,3.502,97,19,21,,
T,2026-07-24 13:33:44.000,26.42291500,-80.15573333,1.70,7.492,-27.792,3.513,98,19,21,,
T,2026-07-24 13:33:45.000,26.42291167,-80.15569833,1.80,7.792,-27.792,3.532,99,19,21,,
T,2026-07-24 13:33:46.000,26.42290833,-80.15566000,1.80,8.192,-27.792,3.550,100,19,21,,
T,2026-07-24 13:33:47.000,26.42290000,-80.15562333,1.80,8.292,-27.792,3.566,98,19,21,,
T,2026-07-24 13:33:48.000,26.42289833,-80.15559167,1.80,8.292,-27.792,3.550,97,19,21,,
T,2026-07-24 13:33:49.000,26.42289667,-80.15555667,1.80,8.393,-27.793,3.572,98,19,21,,
T,2026-07-24 13:33:50.000,26.42288833,-80.15552167,1.80,8.293,-27.793,3.581,103,19,21,,
T,2026-07-24 13:33:51.000,26.42288333,-80.15548500,2.00,8.493,-27.793,3.590,99,19,21,,
T,2026-07-24 13:33:52.000,26.42288167,-80.15545000,2.20,8.593,-27.793,3.596,98,19,21,,
T,2026-07-24 13:33:53.000,26.42287833,-80.15541333,2.30,8.793,-27.793,3.591,99,19,21,,
T,2026-07-24 13:33:54.000,26.42287167,-80.15537833,2.30,8.093,-27.793,3.590,98,19,21,,
T,2026-07-24 13:33:55.000,26.42286500,-80.15534333,2.30,8.393,-27.793,3.576,98,19,21,,
T,2026-07-24 13:33:56.000,26.42285833,-80.15530667,2.40,8.494,-27.794,3.573,100,19,21,,
T,2026-07-24 13:33:57.000,26.42285000,-80.15526833,2.40,8.694,-27.794,3.597,103,19,21,,
T,2026-07-24 13:33:58.000,26.42284333,-80.15523000,2.40,8.594,-27.794,3.608,101,19,21,,
T,2026-07-24 13:33:59.000,26.42284333,-80.15519833,2.40,8.794,-27.794,3.578,101,19,21,,
T,2026-07-24 13:34:00.000,26.42283833,-80.15516500,2.30,8.794,-27.794,3.561,100,19,21,,
T,2026-07-24 13:34:01.000,26.42283667,-80.15513167,2.30,8.294,-27.794,3.556,100,19,21,,
T,2026-07-24 13:34:02.000,26.42282833,-80.15509667,2.30,7.794,-27.794,3.555,102,19,21,,
T,2026-07-24 13:34:03.000,26.42282333,-80.15506167,2.30,7.495,-27.795,3.547,96,19,21,,
T,2026-07-24 13:34:04.000,26.42282000,-80.15502667,2.30,7.595,-27.795,3.521,98,19,21,,
T,2026-07-24 13:34:05.000,26.42281500,-80.15499500,2.30,7.195,-27.795,3.502,98,19,21,,
T,2026-07-24 13:34:06.000,26.42281000,-80.15496167,2.30,6.895,-27.795,3.466,95,19,21,,
T,2026-07-24 13:34:07.000,26.42280500,-80.15492833,2.30,6.995,-27.795,3.415,96,19,21,,
T,2026-07-24 13:34:08.000,26.42280000,-80.15489667,2.40,6.995,-27.795,3.390,99,19,21,,
T,2026-07-24 13:34:09.000,26.42279833,-80.15486333,2.40,7.095,-27.795,3.376,98,19,21,,
T,2026-07-24 13:34:10.000,26.42279333,-80.15483000,2.40,7.195,-27.795,3.375,95,19,21,,
T,2026-07-24 13:34:11.000,26.42278833,-80.15479500,2.40,6.296,-27.796,3.365,97,19,21,,
T,2026-07-24 13:34:12.000,26.42278333,-80.15476000,2.40,5.396,-27.796,3.361,96,19,21,,
T,2026-07-24 13:34:13.000,26.42277833,-80.15472667,2.40,5.696,-27.796,3.351,96,19,21,,
T,2026-07-24 13:34:14.000,26.42277500,-80.15469167,2.40,5.996,-27.796,3.349,95,19,21,,
T,2026-07-24 13:34:15.000,26.42277500,-80.15465833,2.40,6.396,-27.796,3.349,98,19,21,,
T,2026-07-24 13:34:16.000,26.42277000,-80.15462500,2.40,6.396,-27.796,3.357,97,19,21,,
T,2026-07-24 13:34:17.000,26.42276833,-80.15459167,2.40,6.696,-27.796,3.377,99,19,21,,
T,2026-07-24 13:34:18.000,26.42276833,-80.15455667,2.40,7.097,-27.797,3.397,95,19,21,,
T,2026-07-24 13:34:19.000,26.42276500,-80.15452167,2.40,7.397,-27.797,3.407,99,19,21,,
T,2026-07-24 13:34:20.000,26.42276333,-80.15448667,2.40,7.897,-27.797,3.414,96,19,21,,
T,2026-07-24 13:34:21.000,26.42275833,-80.15444833,2.40,8.097,-27.797,3.428,97,19,21,,
T,2026-07-24 13:34:22.000,26.42275167,-80.15441000,2.40,7.897,-27.797,3.449,97,19,21,,
T,2026-07-24 13:34:23.000,26.42274667,-80.15437500,2.40,8.197,-27.797,3.485,95,19,21,,
T,2026-07-24 13:34:24.000,26.42274167,-80.15433667,2.40,8.397,-27.797,3.531,96,19,21,,
T,2026-07-24 13:34:25.000,26.42273833,-80.15430000,2.40,7.598,-27.798,3.578,95,19,21,,
T,2026-07-24 13:34:26.000,26.42273500,-80.15426333,2.40,6.498,-27.798,3.606,93,19,21,,
T,2026-07-24 13:34:27.000,26.42273333,-80.15422667,2.40,6.298,-27.798,3.603,94,19,21,,
T,2026-07-24 13:34:28.000,26.42273333,-80.15419000,2.40,6.398,-27.798,3.594,91,19,21,,
T,2026-07-24 13:34:29.000,26.42273000,-80.15415500,2.40,5.898,-27.798,3.596,92,19,21,,
T,2026-07-24 13:34:30.000,26.42272667,-80.15411833,2.30,5.598,-27.798,3.599,94,19,21,,
T,2026-07-24 13:34:31.000,26.42272667,-80.15408000,2.40,5.499,-27.799,3.599,84,19,21,,
T,2026-07-24 13:34:32.000,26.42273167,-80.15404667,2.40,5.799,-27.799,3.560,87,19,21,,
T,2026-07-24 13:34:33.000,26.42273500,-80.15401333,2.40,6.099,-27.799,3.525,88,19,21,,
T,2026-07-24 13:34:34.000,26.42273667,-80.15398167,2.40,6.599,-27.799,3.440,92,19,21,,
T,2026-07-24 13:34:35.000,26.42273833,-80.15395333,2.50,6.699,-27.799,3.395,92,19,21,,
T,2026-07-24 13:34:36.000,26.42273833,-80.15392000,2.00,8.399,-27.799,3.376,90,19,21,,
T,2026-07-24 13:34:37.000,26.42273833,-80.15388667,2.10,8.399,-27.799,3.358,93,19,21,,
T,2026-07-24 13:34:38.000,26.42273500,-80.15385000,2.30,8.299,-27.799,3.407,93,19,21,,
T,2026-07-24 13:34:39.000,26.42273667,-80.15382167,2.30,8.400,-27.800,3.330,84,19,21,,
T,2026-07-24 13:34:40.000,26.42273833,-80.15379500,2.40,8.300,-27.800,3.258,96,19,21,,
T,2026-07-24 13:34:41.000,26.42273000,-80.15376667,2.00,9.400,-27.800,3.156,93,19,21,,
T,2026-07-24 13:34:42.000,26.42272833,-80.15373833,1.90,10.000,-27.800,3.088,96,19,21,,
T,2026-07-24 13:34:43.000,26.42273000,-80.15370833,1.80,10.500,-27.800,3.052,85,19,21,,
T,2026-07-24 13:34:44.000,26.42273333,-80.15368167,1.80,10.200,-27.800,3.081,89,19,21,,
T,2026-07-24 13:34:45.000,26.42273500,-80.15365000,1.80,10.100,-27.800,3.076,83,19,21,,
T,2026-07-24 13:34:46.000,26.42273833,-80.15361833,2.00,10.300,-27.800,3.038,86,19,21,,
T,2026-07-24 13:34:47.000,26.42274167,-80.15358667,2.20,10.801,-27.801,3.003,94,19,21,,
T,2026-07-24 13:34:48.000,26.42273833,-80.15355667,2.20,10.801,-27.801,2.903,100,19,21,,
T,2026-07-24 13:34:49.000,26.42273833,-80.15352667,2.00,11.201,-27.801,2.934,103,19,21,,
T,2026-07-24 13:34:50.000,26.42273833,-80.15349833,1.80,11.401,-27.801,2.936,97,19,21,,
T,2026-07-24 13:34:51.000,26.42273667,-80.15347167,2.00,11.501,-27.801,2.953,95,19,21,,
T,2026-07-24 13:34:52.000,26.42273333,-80.15344167,1.80,12.201,-27.801,2.953,97,19,21,,
T,2026-07-24 13:34:53.000,26.42272833,-80.15341833,1.70,12.501,-27.801,2.923,96,19,21,,
T,2026-07-24 13:34:54.000,26.42272500,-80.15339000,1.70,12.601,-27.801,2.866,96,19,21,,
T,2026-07-24 13:34:55.000,26.42272333,-80.15336500,1.70,12.901,-27.801,2.773,100,19,21,,
T,2026-07-24 13:34:56.000,26.42272000,-80.15334333,1.70,12.702,-27.802,2.697,98,19,21,,
T,2026-07-24 13:34:57.000,26.42271333,-80.15332833,1.70,12.102,-27.802,2.584,99,19,21,,
T,2026-07-24 13:34:58.000,26.42271167,-80.15331167,1.70,11.802,-27.802,2.456,97,19,21,,
T,2026-07-24 13:34:59.000,26.42271000,-80.15329833,1.70,11.402,-27.802,2.293,95,19,21,,
T,2026-07-24 13:35:00.000,26.42271000,-80.15328667,1.80,11.702,-27.802,2.095,90,19,21,,
T,2026-07-24 13:35:01.000,26.42271167,-80.15328000,1.80,11.802,-27.802,1.864,87,19,21,,
T,2026-07-24 13:35:02.000,26.42271000,-80.15327667,1.70,11.902,-27.802,1.627,90,19,21,,
T,2026-07-24 13:35:03.000,26.42271000,-80.15327167,1.70,11.902,-27.802,1.391,82,19,21,,
T,2026-07-24 13:35:04.000,26.42270833,-80.15327167,1.60,11.902,-27.802,1.139,79,19,21,,
T,2026-07-24 13:35:05.000,26.42270667,-80.15327167,1.60,12.002,-27.802,0.905,328,19,21,,
T,2026-07-24 13:35:06.000,26.42270500,-80.15327000,1.50,11.902,-27.802,0.677,296,19,21,,
T,2026-07-24 13:35:07.000,26.42270500,-80.15326833,1.50,11.802,-27.802,0.495,262,19,21,,
T,2026-07-24 13:35:08.000,26.42270500,-80.15326833,1.40,11.702,-27.802,0.000,,19,21,,
T,2026-07-24 13:35:09.000,26.42270333,-80.15326833,1.40,11.702,-27.802,0.000,,19,21,,
T,2026-07-24 13:35:10.000,26.42270000,-80.15326833,1.40,11.602,-27.802,0.000,,19,21,,
T,2026-07-24 13:35:11.000,26.42270000,-80.15326833,1.50,11.602,-27.802,0.000,,19,21,,
T,2026-07-24 13:35:12.000,26.42270000,-80.15326833,1.50,11.602,-27.802,0.000,,19,21,,
T,2026-07-24 13:35:13.000,26.42270000,-80.15326833,1.50,11.602,-27.802,0.000,,19,21,,
T,2026-07-24 13:35:14.000,26.42270000,-80.15326833,1.60,11.602,-27.802,0.000,,19,21,,
T,2026-07-24 13:35:15.000,26.42269833,-80.15325500,1.60,12.202,-27.802,0.302,77,19,21,,
T,2026-07-24 13:35:16.000,26.42270167,-80.15324333,1.70,12.402,-27.802,0.388,70,19,21,,
T,2026-07-24 13:35:17.000,26.42270333,-80.15323667,1.70,12.702,-27.802,0.446,58,19,21,,
T,2026-07-24 13:35:18.000,26.42270833,-80.15322833,1.70,12.902,-27.802,0.515,57,19,21,,
T,2026-07-24 13:35:19.000,26.42271500,-80.15322500,1.60,13.102,-27.802,0.564,23,19,21,,
T,2026-07-24 13:35:20.000,26.42271667,-80.15322000,1.60,13.302,-27.802,0.583,24,19,21,,
T,2026-07-24 13:35:21.000,26.42271833,-80.15321833,1.60,13.902,-27.802,0.604,23,19,21,,
T,2026-07-24 13:35:22.000,26.42271833,-80.15321667,1.60,14.302,-27.802,0.625,341,19,21,,
T,2026-07-24 13:35:23.000,26.42272000,-80.15321500,1.50,14.702,-27.802,0.610,14,19,21,,
T,2026-07-24 13:35:24.000,26.42271833,-80.15321500,1.50,14.702,-27.802,0.549,24,19,21,,
T,2026-07-24 13:35:25.000,26.42272000,-80.15321667,1.50,14.702,-27.802,0.459,51,19,21,,
T,2026-07-24 13:35:26.000,26.42272000,-80.15321667,1.50,14.802,-27.802,0.000,,19,21,,
T,2026-07-24 13:35:27.000,26.42272000,-80.15321667,1.50,14.902,-27.802,0.000,,19,21,,
T,2026-07-24 13:35:28.000,26.42272167,-80.15321667,1.50,15.102,-27.802,0.000,,19,21,,
T,2026-07-24 13:35:29.000,26.42272167,-80.15321667,1.50,15.102,-27.802,0.000,,19,21,,
T,2026-07-24 13:35:30.000,26.42272167,-80.15321667,1.50,15.102,-27.802,0.000,,19,21,,
T,2026-07-24 13:35:31.000,26.42272167,-80.15321667,1.50,15.102,-27.802,0.000,,18,21,,
T,2026-07-24 13:35:32.000,26.42272167,-80.15321667,1.50,15.102,-27.802,0.000,,18,21,,
T,2026-07-24 13:35:33.000,26.42272167,-80.15321667,1.50,15.102,-27.802,0.000,,18,21,,
T,2026-07-24 13:35:34.000,26.42272167,-80.15321667,1.60,15.102,-27.802,0.000,,19,21,,
T,2026-07-24 13:35:35.000,26.42272167,-80.15321667,1.60,15.102,-27.802,0.000,,19,21,,
T,2026-07-24 13:35:36.000,26.42272333,-80.15323000,1.60,15.502,-27.802,0.273,247,19,21,,
T,2026-07-24 13:35:37.000,26.42272167,-80.15323167,1.60,15.402,-27.802,0.313,248,19,21,,
T,2026-07-24 13:35:38.000,26.42271833,-80.15323333,1.60,15.402,-27.802,0.000,,19,21,,
T,2026-07-24 13:35:39.000,26.42271667,-80.15323833,1.60,15.402,-27.802,0.000,,19,21,,
T,2026-07-24 13:35:40.000,26.42271500,-80.15324667,1.60,15.502,-27.802,0.423,266,19,21,,
T,2026-07-24 13:35:41.000,26.42271167,-80.15325000,1.60,15.502,-27.802,0.462,264,19,21,,
T,2026-07-24 13:35:42.000,26.42270667,-80.15325000,1.60,15.602,-27.802,0.475,261,19,21,,
T,2026-07-24 13:35:43.000,26.42270500,-80.15325167,1.60,15.602,-27.802,0.436,264,19,21,,
T,2026-07-24 13:35:44.000,26.42270000,-80.15325000,1.50,15.702,-27.802,0.437,228,19,21,,
T,2026-07-24 13:35:45.000,26.42269833,-80.15325167,1.60,15.602,-27.802,0.413,256,18,21,,
T,2026-07-24 13:35:46.000,26.42269833,-80.15325167,1.60,15.902,-27.802,0.000,,18,21,,
T,2026-07-24 13:35:47.000,26.42269667,-80.15325167,1.50,16.102,-27.802,0.000,,19,21,,
T,2026-07-24 13:35:48.000,26.42269333,-80.15325333,1.50,16.402,-27.802,0.000,,19,21,,
T,2026-07-24 13:35:49.000,26.42269333,-80.15325333,1.50,16.402,-27.802,0.000,,19,21,,
T,2026-07-24 13:35:50.000,26.42269333,-80.15325333,1.50,16.402,-27.802,0.000,,19,21,,
T,2026-07-24 13:35:51.000,26.42269333,-80.15325333,1.50,16.402,-27.802,0.000,,19,21,,
T,2026-07-24 13:35:52.000,26.42269333,-80.15325333,1.50,16.402,-27.802,0.000,,19,21,,
T,2026-07-24 13:35:53.000,26.42269333,-80.15325333,1.50,16.402,-27.802,0.000,,19,21,,
T,2026-07-24 13:35:54.000,26.42269333,-80.15325333,1.40,16.402,-27.802,0.000,,19,21,,
T,2026-07-24 13:35:55.000,26.42269333,-80.15325333,1.40,16.402,-27.802,0.000,,19,21,,
T,2026-07-24 13:35:56.000,26.42269333,-80.15325333,1.40,16.402,-27.802,0.000,,19,21,,
T,2026-07-24 13:35:57.000,26.42269333,-80.15325333,1.40,16.402,-27.802,0.000,,19,21,,
T,2026-07-24 13:35:58.000,26.42269333,-80.15325333,1.40,16.402,-27.802,0.000,,18,21,,
T,2026-07-24 13:35:59.000,26.42269333,-80.15325333,1.40,16.402,-27.802,0.000,,18,21,,
T,2026-07-24 13:36:00.000,26.42269333,-80.15325333,1.40,16.402,-27.802,0.000,,18,21,,
T,2026-07-24 13:36:01.000,26.42269333,-80.15325333,1.40,16.402,-27.802,0.000,,18,21,,
T,2026-07-24 13:36:02.000,26.42269333,-80.15325333,1.40,16.402,-27.802,0.000,,18,21,,
T,2026-07-24 13:36:03.000,26.42269333,-80.15325333,1.40,16.402,-27.802,0.000,,18,21,,
T,2026-07-24 13:36:04.000,26.42269333,-80.15325333,1.40,16.402,-27.802,0.000,,18,21,,
T,2026-07-24 13:36:05.000,26.42269333,-80.15325333,1.40,16.402,-27.802,0.000,,18,21,,
T,2026-07-24 13:36:06.000,26.42269333,-80.15325333,1.40,16.402,-27.802,0.000,,18,21,,
T,2026-07-24 13:36:07.000,26.42269333,-80.15325333,1.40,16.402,-27.802,0.000,,18,21,,
T,2026-07-24 13:36:08.000,26.42269333,-80.15325333,1.40,16.402,-27.802,0.000,,18,21,,
T,2026-07-24 13:36:09.000,26.42269333,-80.15325333,1.50,16.402,-27.802,0.000,,17,21,,
T,2026-07-24 13:36:10.000,26.42269333,-80.15325333,1.50,16.402,-27.802,0.000,,17,21,,
T,2026-07-24 13:36:11.000,26.42269333,-80.15325333,1.40,16.402,-27.802,0.000,,17,21,,
T,2026-07-24 13:36:12.000,26.42269333,-80.15325333,1.40,16.402,-27.802,0.000,,17,21,,
T,2026-07-24 13:36:13.000,26.42269333,-80.15325333,1.40,16.402,-27.802,0.000,,17,21,,
T,2026-07-24 13:36:14.000,26.42269333,-80.15325333,1.40,16.402,-27.802,0.000,,17,21,,
T,2026-07-24 13:36:15.000,26.42269333,-80.15325333,1.40,16.402,-27.802,0.000,,19,21,,
T,2026-07-24 13:36:16.000,26.42269333,-80.15325333,1.40,16.402,-27.802,0.000,,18,21,,
T,2026-07-24 13:36:17.000,26.42269333,-80.15325333,1.40,16.402,-27.802,0.000,,19,21,,
T,2026-07-24 13:36:18.000,26.42269333,-80.15325333,1.40,16.402,-27.802,0.000,,19,21,,
T,2026-07-24 13:36:19.000,26.42269333,-80.15325333,1.50,16.402,-27.802,0.000,,19,21,,
T,2026-07-24 13:36:20.000,26.42269333,-80.15325333,1.50,16.402,-27.802,0.000,,18,21,,
T,2026-07-24 13:36:21.000,26.42269333,-80.15325333,1.60,16.402,-27.802,0.000,,18,21,,
T,2026-07-24 13:36:22.000,26.42269667,-80.15327000,1.60,14.702,-27.802,0.203,118,19,21,,
T,2026-07-24 13:36:23.000,26.42269667,-80.15325833,1.70,14.602,-27.802,0.305,87,19,21,,
T,2026-07-24 13:36:24.000,26.42270000,-80.15324167,1.90,14.602,-27.802,0.424,66,19,21,,
T,2026-07-24 13:36:25.000,26.42271000,-80.15323500,2.00,14.802,-27.802,0.534,50,19,21,,
T,2026-07-24 13:36:26.000,26.42272500,-80.15323000,2.10,14.902,-27.802,0.653,40,19,21,,
T,2026-07-24 13:36:27.000,26.42274167,-80.15323167,2.00,15.202,-27.802,0.758,23,19,21,,
T,2026-07-24 13:36:28.000,26.42275167,-80.15322500,1.90,15.602,-27.802,0.862,29,19,21,,
T,2026-07-24 13:36:29.000,26.42276667,-80.15321667,1.90,15.602,-27.802,1.003,26,19,21,,
T,2026-07-24 13:36:30.000,26.42278000,-80.15321500,1.90,15.602,-27.802,1.114,13,19,21,,
T,2026-07-24 13:36:31.000,26.42279333,-80.15321333,1.90,15.402,-27.802,1.190,10,19,21,,
T,2026-07-24 13:36:32.000,26.42280667,-80.15321000,1.80,14.802,-27.802,1.252,11,19,21,,
T,2026-07-24 13:36:33.000,26.42282000,-80.15320667,1.90,14.402,-27.802,1.271,9,19,21,,
T,2026-07-24 13:36:34.000,26.42283000,-80.15321167,1.90,14.102,-27.802,1.252,349,19,21,,
T,2026-07-24 13:36:35.000,26.42284333,-80.15322000,1.90,14.402,-27.802,1.249,355,19,21,,
T,2026-07-24 13:36:36.000,26.42285833,-80.15322500,1.90,14.402,-27.802,1.239,1,19,21,,
T,2026-07-24 13:36:37.000,26.42287167,-80.15322500,1.90,14.402,-27.802,1.229,1,19,21,,
T,2026-07-24 13:36:38.000,26.42288500,-80.15323333,1.90,13.902,-27.802,1.266,348,19,21,,
T,2026-07-24 13:36:39.000,26.42289500,-80.15323667,2.00,13.202,-27.802,1.232,355,19,21,,
T,2026-07-24 13:36:40.000,26.42290500,-80.15323833,2.00,12.502,-27.802,1.210,7,19,21,,
T,2026-07-24 13:36:41.000,26.42291333,-80.15324333,2.00,12.102,-27.802,1.169,358,19,21,,
T,2026-07-24 13:36:42.000,26.42292500,-80.15324000,2.00,12.102,-27.802,1.121,15,19,21,,
T,2026-07-24 13:36:43.000,26.42293333,-80.15323667,2.10,12.202,-27.802,1.089,8,19,21,,
T,2026-07-24 13:36:44.000,26.42294333,-80.15323333,2.10,12.202,-27.802,1.068,5,19,21,,
T,2026-07-24 13:36:45.000,26.42295333,-80.15323000,2.20,12.002,-27.802,1.064,24,19,21,,
T,2026-07-24 13:36:46.000,26.42296333,-80.15322500,2.20,12.002,-27.802,1.053,14,19,21,,
T,2026-07-24 13:36:47.000,26.42297333,-80.15322333,2.20,12.302,-27.802,1.033,353,18,21,,
T,2026-07-24 13:36:48.000,26.42298500,-80.15322167,2.20,12.302,-27.802,0.960,351,18,21,,
T,2026-07-24 13:36:49.000,26.42299833,-80.15321667,2.30,12.102,-27.802,0.959,11,18,21,,
T,2026-07-24 13:36:50.000,26.42301500,-80.15321000,2.30,11.402,-27.802,0.935,3,18,21,,
T,2026-07-24 13:36:51.000,26.42302500,-80.15320500,2.30,11.502,-27.802,0.930,350,18,21,,
T,2026-07-24 13:36:52.000,26.42303333,-80.15320167,2.30,11.702,-27.802,0.930,342,18,21,,
T,2026-07-24 13:36:53.000,26.42304167,-80.15319667,2.30,11.702,-27.802,0.971,1,18,21,,
T,2026-07-24 13:36:54.000,26.42305167,-80.15319500,2.30,11.402,-27.802,0.999,354,18,21,,
T,2026-07-24 13:36:55.000,26.42306167,-80.15320000,2.30,11.102,-27.802,0.981,344,18,21,,
T,2026-07-24 13:36:56.000,26.42306667,-80.15320667,2.30,11.202,-27.802,0.987,344,18,21,,
T,2026-07-24 13:36:57.000,26.42307333,-80.15321167,2.30,11.102,-27.802,1.026,350,17,21,,
T,2026-07-24 13:36:58.000,26.42308000,-80.15320667,2.30,11.402,-27.802,1.062,357,16,21,,
T,2026-07-24 13:36:59.000,26.42309167,-80.15320333,2.20,12.702,-27.802,1.081,357,16,21,,
T,2026-07-24 13:37:00.000,26.42310500,-80.15320667,2.20,13.102,-27.802,1.134,346,16,21,,
T,2026-07-24 13:37:01.000,26.42312500,-80.15321500,2.20,13.302,-27.802,1.213,341,16,21,,
T,2026-07-24 13:37:02.000,26.42314167,-80.15322500,2.20,12.702,-27.802,1.238,329,16,21,,
T,2026-07-24 13:37:03.000,26.42315500,-80.15322833,2.20,12.402,-27.802,1.259,349,16,21,,
T,2026-07-24 13:37:04.000,26.42317000,-80.15323333,2.20,11.702,-27.802,1.292,351,16,21,,
T,2026-07-24 13:37:05.000,26.42318333,-80.15322833,2.20,11.202,-27.802,1.318,359,16,21,,
T,2026-07-24 13:37:06.000,26.42319833,-80.15322667,2.10,10.502,-27.802,1.317,347,16,21,,
T,2026-07-24 13:37:07.000,26.42321000,-80.15323000,2.10,10.202,-27.802,1.282,346,16,21,,
T,2026-07-24 13:37:08.000,26.42322167,-80.15323167,2.10,9.702,-27.802,1.248,10,17,21,,
T,2026-07-24 13:37:09.000,26.42322833,-80.15323000,2.00,9.802,-27.802,1.219,27,17,21,,
T,2026-07-24 13:37:10.000,26.42323833,-80.15322833,2.00,10.102,-27.802,1.189,21,17,21,,
T,2026-07-24 13:37:11.000,26.42324833,-80.15322667,2.00,10.302,-27.802,1.120,17,17,21,,
T,2026-07-24 13:37:12.000,26.42326000,-80.15322500,1.90,10.002,-27.802,1.100,17,17,21,,
T,2026-07-24 13:37:13.000,26.42327333,-80.15322000,1.90,9.902,-27.802,1.094,32,18,21,,
T,2026-07-24 13:37:14.000,26.42328333,-80.15321167,2.00,10.002,-27.802,1.039,46,17,21,,
T,2026-07-24 13:37:15.000,26.42329167,-80.15320833,2.00,10.102,-27.802,1.078,42,17,21,,
T,2026-07-24 13:37:16.000,26.42330000,-80.15319167,2.00,10.103,-27.803,1.164,46,17,21,,
T,2026-07-24 13:37:17.000,26.42330333,-80.15317500,2.10,9.003,-27.803,1.268,56,17,21,,
T,2026-07-24 13:37:18.000,26.42331000,-80.15316000,2.10,8.903,-27.803,1.314,60,17,21,,
T,2026-07-24 13:37:19.000,26.42331000,-80.15315000,2.10,9.203,-27.803,1.344,65,17,21,,
T,2026-07-24 13:37:20.000,26.42331167,-80.15314167,2.10,9.203,-27.803,1.330,56,17,21,,
T,2026-07-24 13:37:21.000,26.42331667,-80.15313333,2.00,9.003,-27.803,1.381,62,17,21,,
T,2026-07-24 13:37:22.000,26.42332167,-80.15312000,2.00,9.003,-27.803,1.429,69,17,21,,
T,2026-07-24 13:37:23.000,26.42332000,-80.15310833,2.00,9.003,-27.803,1.392,73,17,21,,
T,2026-07-24 13:37:24.000,26.42332000,-80.15309667,2.00,9.103,-27.803,1.414,89,17,21,,
T,2026-07-24 13:37:25.000,26.42332500,-80.15309000,2.00,9.103,-27.803,1.352,56,17,21,,
T,2026-07-24 13:37:26.000,26.42333167,-80.15307833,2.00,9.003,-27.803,1.299,52,16,21,,
T,2026-07-24 13:37:27.000,26.42333833,-80.15306333,2.00,8.903,-27.803,1.273,52,15,21,,
T,2026-07-24 13:37:28.000,26.42334333,-80.15304500,2.00,8.803,-27.803,1.296,61,15,21,,
T,2026-07-24 13:37:29.000,26.42335667,-80.15303167,2.00,9.003,-27.803,1.285,43,17,21,,
T,2026-07-24 13:37:30.000,26.42336667,-80.15302167,1.90,9.303,-27.803,1.337,52,17,21,,
T,2026-07-24 13:37:31.000,26.42337333,-80.15301000,1.90,9.803,-27.803,1.282,57,18,21,,
T,2026-07-24 13:37:32.000,26.42337500,-80.15299667,1.90,10.103,-27.803,1.219,88,18,21,,
T,2026-07-24 13:37:33.000,26.42338000,-80.15298833,1.90,10.303,-27.803,1.192,40,18,21,,
T,2026-07-24 13:37:34.000,26.42338500,-80.15297667,1.90,10.303,-27.803,1.185,59,18,21,,
T,2026-07-24 13:37:35.000,26.42338833,-80.15296500,1.90,10.304,-27.804,1.232,50,18,21,,
T,2026-07-24 13:37:36.000,26.42339667,-80.15295167,1.90,10.504,-27.804,1.244,52,18,21,,
T,2026-07-24 13:37:37.000,26.42340333,-80.15294000,1.90,10.804,-27.804,1.182,39,18,21,,
T,2026-07-24 13:37:38.000,26.42340833,-80.15292833,1.90,11.104,-27.804,1.173,49,18,20,,
T,2026-07-24 13:37:39.000,26.42341333,-80.15291333,1.90,11.304,-27.804,1.155,62,18,20,,
T,2026-07-24 13:37:40.000,26.42341833,-80.15290500,1.90,11.304,-27.804,1.115,42,18,20,,
T,2026-07-24 13:37:41.000,26.42342833,-80.15289167,1.90,11.404,-27.804,1.170,41,18,20,,
T,2026-07-24 13:37:42.000,26.42343500,-80.15288167,1.90,11.804,-27.804,1.219,42,18,20,,
T,2026-07-24 13:37:43.000,26.42344333,-80.15287167,1.90,11.604,-27.804,1.212,52,18,20,,
T,2026-07-24 13:37:44.000,26.42344667,-80.15286000,1.90,11.804,-27.804,1.227,62,18,20,,
T,2026-07-24 13:37:45.000,26.42345167,-80.15284500,2.00,11.304,-27.804,1.197,61,18,20,,
T,2026-07-24 13:37:46.000,26.42345667,-80.15283333,2.00,11.304,-27.804,1.161,65,18,20,,
T,2026-07-24 13:37:47.000,26.42346333,-80.15282500,2.00,11.504,-27.804,1.152,52,18,20,,
T,2026-07-24 13:37:48.000,26.42346667,-80.15281667,2.00,11.604,-27.804,1.123,47,18,20,,
T,2026-07-24 13:37:49.000,26.42347167,-80.15280833,2.00,11.904,-27.804,1.158,59,18,20,,
T,2026-07-24 13:37:50.000,26.42347667,-80.15279667,2.10,12.004,-27.804,1.174,55,17,20,,
T,2026-07-24 13:37:51.000,26.42349000,-80.15278833,2.00,12.004,-27.804,1.158,30,17,20,,
T,2026-07-24 13:37:52.000,26.42350667,-80.15278833,2.00,11.504,-27.804,1.161,13,17,20,,
T,2026-07-24 13:37:53.000,26.42352167,-80.15278833,1.90,11.504,-27.804,1.246,7,18,20,,
T,2026-07-24 13:37:54.000,26.42353167,-80.15279000,1.90,11.404,-27.804,1.279,344,18,20,,
T,2026-07-24 13:37:55.000,26.42354000,-80.15279667,1.90,10.904,-27.804,1.258,347,18,20,,
T,2026-07-24 13:37:56.000,26.42354833,-80.15279833,1.90,11.004,-27.804,1.259,1,18,20,,
T,2026-07-24 13:37:57.000,26.42356167,-80.15279833,1.90,11.204,-27.804,1.289,351,19,20,,
T,2026-07-24 13:37:58.000,26.42357333,-80.15280167,1.80,11.504,-27.804,1.274,346,19,20,,
T,2026-07-24 13:37:59.000,26.42358500,-80.15280167,1.90,11.604,-27.804,1.257,354,19,20,,
T,2026-07-24 13:38:00.000,26.42359500,-80.15280333,1.90,11.804,-27.804,1.281,0,19,20,,
T,2026-07-24 13:38:01.000,26.42360667,-80.15280333,1.90,12.204,-27.804,1.279,6,19,20,,
T,2026-07-24 13:38:02.000,26.42361667,-80.15280500,1.90,12.604,-27.804,1.242,10,19,20,,
T,2026-07-24 13:38:03.000,26.42362667,-80.15280333,2.00,13.004,-27.804,1.176,22,19,20,,
T,2026-07-24 13:38:04.000,26.42363333,-80.15280000,2.00,12.904,-27.804,1.120,38,19,20,,
T,2026-07-24 13:38:05.000,26.42364000,-80.15280000,2.00,12.804,-27.804,1.108,40,18,20,,
T,2026-07-24 13:38:06.000,26.42364167,-80.15280333,2.00,12.804,-27.804,1.008,153,18,20,,
T,2026-07-24 13:38:07.000,26.42364167,-80.15280667,1.90,12.704,-27.804,0.907,2,18,20,,
T,2026-07-24 13:38:08.000,26.42364833,-80.15280667,1.90,12.804,-27.804,0.865,350,18,20,,
T,2026-07-24 13:38:09.000,26.42365333,-80.15281000,1.90,12.804,-27.804,0.800,342,17,20,,
T,2026-07-24 13:38:10.000,26.42365833,-80.15281167,1.90,13.104,-27.804,0.709,339,17,20,,
T,2026-07-24 13:38:11.000,26.42366167,-80.15281333,1.90,13.304,-27.804,0.655,352,18,20,,
T,2026-07-24 13:38:12.000,26.42366333,-80.15281500,1.90,13.404,-27.804,0.595,344,18,20,,
T,2026-07-24 13:38:13.000,26.42366333,-80.15281833,1.90,13.204,-27.804,0.514,332,18,20,,
T,2026-07-24 13:38:14.000,26.42367000,-80.15282000,1.90,12.904,-27.804,0.449,322,17,20,,
T,2026-07-24 13:38:15.000,26.42367667,-80.15282167,1.90,12.604,-27.804,0.408,302,17,20,,
T,2026-07-24 13:38:16.000,26.42367833,-80.15282333,1.80,12.204,-27.804,0.410,216,17,20,,
T,2026-07-24 13:38:17.000,26.42368333,-80.15282667,1.70,11.704,-27.804,0.000,,17,20,,
T,2026-07-24 13:38:18.000,26.42368833,-80.15282500,1.70,11.404,-27.804,0.000,,17,20,,
T,2026-07-24 13:38:19.000,26.42369167,-80.15282500,1.60,11.304,-27.804,0.000,,16,20,,
T,2026-07-24 13:38:20.000,26.42369167,-80.15282500,1.60,11.304,-27.804,0.000,,18,20,,
T,2026-07-24 13:38:21.000,26.42369167,-80.15282500,1.50,11.304,-27.804,0.000,,18,20,,
T,2026-07-24 13:38:22.000,26.42369167,-80.15282500,1.50,11.304,-27.804,0.000,,17,20,,
T,2026-07-24 13:38:23.000,26.42369167,-80.15282500,1.50,11.304,-27.804,0.000,,17,20,,
T,2026-07-24 13:38:24.000,26.42369167,-80.15282500,1.50,11.304,-27.804,0.000,,17,20,,
T,2026-07-24 13:38:25.000,26.42369167,-80.15282500,1.50,11.304,-27.804,0.000,,17,20,,
T,2026-07-24 13:38:26.000,26.42369167,-80.15282500,1.50,11.304,-27.804,0.000,,17,20,,
T,2026-07-24 13:38:27.000,26.42369167,-80.15282500,1.50,11.304,-27.804,0.000,,16,20,,
T,2026-07-24 13:38:28.000,26.42369167,-80.15282500,1.50,11.304,-27.804,0.000,,17,20,,
T,2026-07-24 13:38:29.000,26.42369167,-80.15282500,1.50,11.304,-27.804,0.000,,17,20,,
T,2026-07-24 13:38:30.000,26.42369167,-80.15282500,1.50,11.304,-27.804,0.000,,17,20,,
T,2026-07-24 13:38:31.000,26.42369167,-80.15282500,1.50,11.304,-27.804,0.000,,17,20,,
T,2026-07-24 13:38:32.000,26.42369167,-80.15282500,1.50,11.304,-27.804,0.000,,17,20,,
T,2026-07-24 13:38:33.000,26.42369167,-80.15282500,1.50,11.304,-27.804,0.000,,17,20,,
T,2026-07-24 13:38:34.000,26.42369167,-80.15282500,1.50,11.304,-27.804,0.000,,17,20,,
T,2026-07-24 13:38:35.000,26.42369167,-80.15282500,1.50,11.304,-27.804,0.000,,17,20,,
T,2026-07-24 13:38:36.000,26.42369167,-80.15282500,1.50,11.304,-27.804,0.000,,17,20,,
T,2026-07-24 13:38:37.000,26.42369167,-80.15282500,1.50,11.304,-27.804,0.000,,17,20,,
T,2026-07-24 13:38:38.000,26.42369167,-80.15282500,1.60,11.304,-27.804,0.000,,17,20,,
T,2026-07-24 13:38:39.000,26.42369167,-80.15282500,1.60,11.304,-27.804,0.000,,17,20,,
T,2026-07-24 13:38:40.000,26.42369167,-80.15282500,1.60,11.304,-27.804,0.000,,17,20,,
T,2026-07-24 13:38:41.000,26.42369667,-80.15281500,1.70,12.604,-27.804,0.278,336,17,20,,
T,2026-07-24 13:38:42.000,26.42370333,-80.15281833,1.70,12.604,-27.804,0.308,331,17,20,,
T,2026-07-24 13:38:43.000,26.42371000,-80.15282167,1.70,12.804,-27.804,0.362,347,17,20,,
T,2026-07-24 13:38:44.000,26.42371000,-80.15282333,1.70,12.804,-27.804,0.000,,17,20,,
T,2026-07-24 13:38:45.000,26.42371000,-80.15282333,1.70,12.604,-27.804,0.000,,17,20,,
T,2026-07-24 13:38:46.000,26.42371333,-80.15282500,1.70,12.504,-27.804,0.403,341,18,20,,
T,2026-07-24 13:38:47.000,26.42371167,-80.15282667,1.70,12.404,-27.804,0.000,,18,20,,
T,2026-07-24 13:38:48.000,26.42371167,-80.15282667,1.60,12.304,-27.804,0.000,,18,20,,
T,2026-07-24 13:38:49.000,26.42371167,-80.15282833,1.60,12.304,-27.804,0.000,,18,20,,
T,2026-07-24 13:38:50.000,26.42371167,-80.15282833,1.60,12.304,-27.804,0.000,,18,20,,
T,2026-07-24 13:38:51.000,26.42371167,-80.15282833,1.60,12.304,-27.804,0.000,,18,20,,
T,2026-07-24 13:38:52.000,26.42371167,-80.15282833,1.60,12.304,-27.804,0.000,,18,20,,
