type,date time,latitude,longitude,accuracy(m),altitude(m),geoid_height(m),speed(m/s),bearing(deg),sat_used,sat_inview,name,desc
W,2026-07-18 17:58:00.000,26.41454833,-80.16283833,1.30,23.158,-27.758,0.000,,15,19,,Site4
W,2026-07-18 18:09:23.000,26.41059000,-80.16104000,1.70,25.763,-27.763,0.000,,16,19,,Gate
T,2026-07-18 17:57:58.000,26.41454833,-80.16283833,1.30,23.158,-27.758,0.000,,15,19,20260718-135758,GPS Logger: 20260718-135758 - ST-4-Gate
T,2026-07-18 17:57:59.000,26.41454833,-80.16283833,1.30,23.158,-27.758,0.000,,15,19,,
T,2026-07-18 17:58:00.000,26.41454833,-80.16283833,1.30,23.158,-27.758,0.000,,15,19,,
T,2026-07-18 17:58:01.000,26.41454833,-80.16283833,1.30,23.158,-27.758,0.000,,15,19,,
T,2026-07-18 17:58:02.000,26.41454833,-80.16283833,1.30,23.158,-27.758,0.000,,15,19,,
T,2026-07-18 17:58:03.000,26.41454833,-80.16283833,1.30,23.158,-27.758,0.000,,15,19,,
T,2026-07-18 17:58:04.000,26.41454833,-80.16283833,1.30,23.158,-27.758,0.000,,15,19,,
T,2026-07-18 17:58:05.000,26.41454833,-80.16283833,1.30,23.158,-27.758,0.000,,15,19,,
T,2026-07-18 17:58:06.000,26.41454833,-80.16283833,1.30,23.158,-27.758,0.000,,15,19,,
T,2026-07-18 17:58:07.000,26.41454833,-80.16283833,1.30,23.158,-27.758,0.000,,15,19,,
T,2026-07-18 17:58:08.000,26.41454833,-80.16283833,1.30,23.158,-27.758,0.000,,15,19,,
T,2026-07-18 17:58:09.000,26.41454833,-80.16283833,1.30,23.158,-27.758,0.000,,15,19,,
T,2026-07-18 17:58:10.000,26.41454833,-80.16283833,1.30,23.158,-27.758,0.000,,15,19,,
T,2026-07-18 17:58:11.000,26.41454833,-80.16283833,1.30,23.158,-27.758,0.000,,15,19,,
T,2026-07-18 17:58:12.000,26.41454833,-80.16283833,1.30,23.158,-27.758,0.000,,15,19,,
T,2026-07-18 17:58:13.000,26.41452333,-80.16284500,1.40,22.058,-27.758,0.117,344,15,19,,
T,2026-07-18 17:58:14.000,26.41452833,-80.16284667,1.50,22.258,-27.758,0.154,308,15,19,,
T,2026-07-18 17:58:15.000,26.41453167,-80.16284833,1.50,22.158,-27.758,0.195,3,15,19,,
T,2026-07-18 17:58:16.000,26.41453500,-80.16284500,1.60,22.358,-27.758,0.000,,15,19,,
T,2026-07-18 17:58:17.000,26.41453667,-80.16284333,1.50,22.458,-27.758,0.000,,15,19,,
T,2026-07-18 17:58:18.000,26.41453667,-80.16284167,1.50,22.258,-27.758,0.000,,15,19,,
T,2026-07-18 17:58:19.000,26.41453667,-80.16284167,1.50,22.258,-27.758,0.000,,15,19,,
T,2026-07-18 17:58:20.000,26.41453667,-80.16284167,1.40,22.258,-27.758,0.000,,15,19,,
T,2026-07-18 17:58:21.000,26.41453667,-80.16284167,1.40,22.258,-27.758,0.000,,15,19,,
T,2026-07-18 17:58:22.000,26.41453667,-80.16284167,1.50,22.258,-27.758,0.000,,15,19,,
T,2026-07-18 17:58:23.000,26.41454500,-80.16283833,1.50,21.158,-27.758,0.283,62,15,19,,
T,2026-07-18 17:58:24.000,26.41454500,-80.16283833,1.50,20.758,-27.758,0.283,50,15,19,,
T,2026-07-18 17:58:25.000,26.41454333,-80.16283500,1.50,20.358,-27.758,0.289,63,15,19,,
T,2026-07-18 17:58:26.000,26.41453833,-80.16283500,1.50,20.058,-27.758,0.000,,15,19,,
T,2026-07-18 17:58:27.000,26.41453500,-80.16283500,1.40,19.758,-27.758,0.000,,15,19,,
T,2026-07-18 17:58:28.000,26.41453167,-80.16283667,1.40,19.458,-27.758,0.000,,15,19,,
T,2026-07-18 17:58:29.000,26.41453167,-80.16283667,1.40,19.458,-27.758,0.000,,15,19,,
T,2026-07-18 17:58:30.000,26.41453167,-80.16283667,1.30,19.458,-27.758,0.000,,15,19,,
T,2026-07-18 17:58:31.000,26.41453167,-80.16283667,1.30,19.458,-27.758,0.000,,15,19,,
T,2026-07-18 17:58:32.000,26.41453167,-80.16283667,1.30,19.458,-27.758,0.000,,15,19,,
T,2026-07-18 17:58:33.000,26.41453167,-80.16283667,1.30,19.458,-27.758,0.000,,15,19,,
T,2026-07-18 17:58:34.000,26.41453167,-80.16283667,1.30,19.458,-27.758,0.000,,15,19,,
T,2026-07-18 17:58:35.000,26.41453167,-80.16283667,1.30,19.458,-27.758,0.000,,15,19,,
T,2026-07-18 17:58:36.000,26.41453167,-80.16283667,1.30,19.458,-27.758,0.000,,15,19,,
T,2026-07-18 17:58:37.000,26.41453167,-80.16283667,1.30,19.458,-27.758,0.000,,15,19,,
T,2026-07-18 17:58:38.000,26.41453167,-80.16283667,1.30,19.458,-27.758,0.000,,15,19,,
T,2026-07-18 17:58:39.000,26.41453167,-80.16283667,1.30,19.458,-27.758,0.000,,15,19,,
T,2026-07-18 17:58:40.000,26.41453167,-80.16283667,1.30,19.458,-27.758,0.000,,16,19,,
T,2026-07-18 17:58:41.000,26.41453167,-80.16283667,1.30,19.458,-27.758,0.000,,16,19,,
T,2026-07-18 17:58:42.000,26.41453167,-80.16283667,1.30,19.458,-27.758,0.000,,16,19,,
T,2026-07-18 17:58:43.000,26.41453167,-80.16283667,1.30,19.458,-27.758,0.000,,16,19,,
T,2026-07-18 17:58:44.000,26.41453167,-80.16283667,1.30,19.458,-27.758,0.000,,16,19,,
T,2026-07-18 17:58:45.000,26.41453167,-80.16283667,1.30,19.458,-27.758,0.000,,16,19,,
T,2026-07-18 17:58:46.000,26.41453167,-80.16283667,1.30,19.458,-27.758,0.000,,16,19,,
T,2026-07-18 17:58:47.000,26.41453167,-80.16283667,1.30,19.458,-27.758,0.000,,16,19,,
T,2026-07-18 17:58:48.000,26.41453167,-80.16283667,1.30,19.458,-27.758,0.000,,15,19,,
T,2026-07-18 17:58:49.000,26.41453167,-80.16283667,1.30,19.458,-27.758,0.000,,15,19,,
T,2026-07-18 17:58:50.000,26.41453167,-80.16283667,1.30,19.458,-27.758,0.000,,15,19,,
T,2026-07-18 17:58:51.000,26.41453167,-80.16283667,1.30,19.458,-27.758,0.000,,15,19,,
T,2026-07-18 17:58:52.000,26.41453167,-80.16283667,1.30,19.458,-27.758,0.000,,15,19,,
T,2026-07-18 17:58:53.000,26.41453167,-80.16283667,1.30,19.458,-27.758,0.000,,15,19,,
T,2026-07-18 17:58:54.000,26.41453167,-80.16283667,1.30,19.458,-27.758,0.000,,15,19,,
T,2026-07-18 17:58:55.000,26.41453167,-80.16283667,1.30,19.458,-27.758,0.000,,15,19,,
T,2026-07-18 17:58:56.000,26.41453167,-80.16283667,1.30,19.458,-27.758,0.000,,15,19,,
T,2026-07-18 17:58:57.000,26.41453167,-80.16283667,1.30,19.458,-27.758,0.000,,16,19,,
T,2026-07-18 17:58:58.000,26.41453167,-80.16283667,1.30,19.458,-27.758,0.000,,16,19,,
T,2026-07-18 17:58:59.000,26.41453167,-80.16283667,1.30,19.458,-27.758,0.000,,16,19,,
T,2026-07-18 17:59:00.000,26.41453167,-80.16283667,1.30,19.458,-27.758,0.000,,15,19,,
T,2026-07-18 17:59:01.000,26.41453167,-80.16283667,1.30,19.458,-27.758,0.000,,15,19,,
T,2026-07-18 17:59:02.000,26.41453167,-80.16283667,1.30,19.458,-27.758,0.000,,15,19,,
T,2026-07-18 17:59:03.000,26.41453167,-80.16283667,1.30,19.458,-27.758,0.000,,15,19,,
T,2026-07-18 17:59:04.000,26.41453167,-80.16283667,1.30,19.458,-27.758,0.000,,15,19,,
T,2026-07-18 17:59:05.000,26.41453167,-80.16283667,1.30,19.458,-27.758,0.000,,15,19,,
T,2026-07-18 17:59:06.000,26.41453167,-80.16283667,1.30,19.458,-27.758,0.000,,15,19,,
T,2026-07-18 17:59:07.000,26.41453167,-80.16283667,1.30,19.458,-27.758,0.000,,15,19,,
T,2026-07-18 17:59:08.000,26.41453167,-80.16283667,1.30,19.458,-27.758,0.000,,15,19,,
T,2026-07-18 17:59:09.000,26.41453167,-80.16283667,1.30,19.458,-27.758,0.000,,15,19,,
T,2026-07-18 17:59:10.000,26.41453167,-80.16283667,1.30,19.458,-27.758,0.000,,14,19,,
T,2026-07-18 17:59:11.000,26.41453167,-80.16283667,1.30,19.458,-27.758,0.000,,15,19,,
T,2026-07-18 17:59:12.000,26.41453167,-80.16283667,1.30,19.458,-27.758,0.000,,15,19,,
T,2026-07-18 17:59:13.000,26.41453167,-80.16283667,1.30,19.458,-27.758,0.000,,15,19,,
T,2026-07-18 17:59:14.000,26.41453167,-80.16283667,1.30,19.458,-27.758,0.000,,15,19,,
T,2026-07-18 17:59:15.000,26.41453167,-80.16283667,1.30,19.458,-27.758,0.000,,15,19,,
T,2026-07-18 17:59:16.000,26.41453167,-80.16283667,1.30,19.458,-27.758,0.000,,15,19,,
T,2026-07-18 17:59:17.000,26.41453167,-80.16283667,1.30,19.458,-27.758,0.000,,15,19,,
T,2026-07-18 17:59:18.000,26.41453167,-80.16283667,1.30,19.458,-27.758,0.000,,15,19,,
T,2026-07-18 17:59:19.000,26.41453167,-80.16283667,1.30,19.458,-27.758,0.000,,15,19,,
T,2026-07-18 17:59:20.000,26.41453167,-80.16283667,1.30,19.458,-27.758,0.000,,15,19,,
T,2026-07-18 17:59:21.000,26.41453167,-80.16283667,1.30,19.458,-27.758,0.000,,15,19,,
T,2026-07-18 17:59:22.000,26.41453167,-80.16283667,1.30,19.458,-27.758,0.000,,15,19,,
T,2026-07-18 17:59:23.000,26.41453167,-80.16283667,1.30,19.458,-27.758,0.000,,15,19,,
T,2026-07-18 17:59:24.000,26.41453167,-80.16283667,1.30,19.458,-27.758,0.000,,16,19,,
T,2026-07-18 17:59:25.000,26.41453167,-80.16283667,1.30,19.458,-27.758,0.000,,16,19,,
T,2026-07-18 17:59:26.000,26.41453167,-80.16283667,1.30,19.458,-27.758,0.000,,16,19,,
T,2026-07-18 17:59:27.000,26.41453167,-80.16283667,1.30,19.458,-27.758,0.000,,16,19,,
T,2026-07-18 17:59:28.000,26.41453167,-80.16283667,1.30,19.458,-27.758,0.000,,16,19,,
T,2026-07-18 17:59:29.000,26.41453167,-80.16283667,1.30,19.458,-27.758,0.000,,16,19,,
T,2026-07-18 17:59:30.000,26.41453167,-80.16283667,1.30,19.458,-27.758,0.000,,16,19,,
T,2026-07-18 17:59:31.000,26.41453167,-80.16283667,1.30,19.458,-27.758,0.000,,16,19,,
T,2026-07-18 17:59:32.000,26.41453167,-80.16283667,1.30,19.458,-27.758,0.000,,16,19,,
T,2026-07-18 17:59:33.000,26.41453167,-80.16283667,1.30,19.458,-27.758,0.000,,16,19,,
T,2026-07-18 17:59:34.000,26.41453167,-80.16283667,1.30,19.458,-27.758,0.000,,16,19,,
T,2026-07-18 17:59:35.000,26.41453167,-80.16283667,1.30,19.458,-27.758,0.000,,16,19,,
T,2026-07-18 17:59:36.000,26.41453167,-80.16283667,1.30,19.458,-27.758,0.000,,15,19,,
T,2026-07-18 17:59:37.000,26.41453167,-80.16283667,1.30,19.458,-27.758,0.000,,16,19,,
T,2026-07-18 17:59:38.000,26.41453167,-80.16283667,1.30,19.458,-27.758,0.000,,16,19,,
T,2026-07-18 17:59:39.000,26.41453167,-80.16283667,1.30,19.458,-27.758,0.000,,16,19,,
T,2026-07-18 17:59:40.000,26.41453167,-80.16283667,1.30,19.458,-27.758,0.000,,16,19,,
T,2026-07-18 17:59:41.000,26.41453167,-80.16283667,1.30,19.458,-27.758,0.000,,16,19,,
T,2026-07-18 17:59:42.000,26.41453167,-80.16283667,1.30,19.458,-27.758,0.000,,16,19,,
T,2026-07-18 17:59:43.000,26.41453167,-80.16283667,1.30,19.458,-27.758,0.000,,16,19,,
T,2026-07-18 17:59:44.000,26.41453167,-80.16283667,1.30,19.458,-27.758,0.000,,16,19,,
T,2026-07-18 17:59:45.000,26.41453167,-80.16283667,1.30,19.458,-27.758,0.000,,16,19,,
T,2026-07-18 17:59:46.000,26.41453167,-80.16283667,1.40,19.458,-27.758,0.000,,16,19,,
T,2026-07-18 17:59:47.000,26.41453167,-80.16283667,1.40,19.458,-27.758,0.000,,15,19,,
T,2026-07-18 17:59:48.000,26.41453167,-80.16283667,1.40,19.458,-27.758,0.000,,15,19,,
T,2026-07-18 17:59:49.000,26.41453167,-80.16283667,1.40,19.458,-27.758,0.000,,15,19,,
T,2026-07-18 17:59:50.000,26.41453167,-80.16283667,1.40,19.458,-27.758,0.000,,15,19,,
T,2026-07-18 17:59:51.000,26.41453167,-80.16283667,1.40,19.458,-27.758,0.000,,15,19,,
T,2026-07-18 17:59:52.000,26.41453167,-80.16283667,1.50,19.458,-27.758,0.000,,16,19,,
T,2026-07-18 17:59:53.000,26.41453167,-80.16283667,1.50,19.458,-27.758,0.000,,16,19,,
T,2026-07-18 17:59:54.000,26.41453167,-80.16283667,1.50,19.458,-27.758,0.000,,16,19,,
T,2026-07-18 17:59:55.000,26.41453167,-80.16283667,1.50,19.458,-27.758,0.000,,16,19,,
T,2026-07-18 17:59:56.000,26.41453167,-80.16283667,1.50,19.458,-27.758,0.000,,16,19,,
T,2026-07-18 17:59:57.000,26.41453167,-80.16283667,1.50,19.458,-27.758,0.000,,16,19,,
T,2026-07-18 17:59:58.000,26.41453167,-80.16283667,1.60,19.458,-27.758,0.000,,16,19,,
T,2026-07-18 17:59:59.000,26.41453167,-80.16283667,1.50,19.458,-27.758,0.000,,16,19,,
T,2026-07-18 18:00:00.000,26.41453167,-80.16283667,1.50,19.458,-27.758,0.000,,16,19,,
T,2026-07-18 18:00:01.000,26.41453167,-80.16283667,1.50,19.458,-27.758,0.000,,16,19,,
T,2026-07-18 18:00:02.000,26.41453167,-80.16283667,1.50,19.458,-27.758,0.000,,16,19,,
T,2026-07-18 18:00:03.000,26.41453167,-80.16283667,1.50,19.458,-27.758,0.000,,16,19,,
T,2026-07-18 18:00:04.000,26.41452667,-80.16282833,1.50,20.558,-27.758,0.264,44,16,19,,
T,2026-07-18 18:00:05.000,26.41453333,-80.16282333,1.50,20.558,-27.758,0.329,39,16,19,,
T,2026-07-18 18:00:06.000,26.41453667,-80.16282000,1.50,20.558,-27.758,0.371,36,16,19,,
T,2026-07-18 18:00:07.000,26.41454167,-80.16281667,1.60,20.458,-27.758,0.406,39,16,19,,
T,2026-07-18 18:00:08.000,26.41455167,-80.16281500,1.50,20.358,-27.758,0.481,15,16,19,,
T,2026-07-18 18:00:09.000,26.41456333,-80.16281333,1.60,20.158,-27.758,0.558,8,16,19,,
T,2026-07-18 18:00:10.000,26.41457333,-80.16281333,1.60,20.058,-27.758,0.651,348,16,19,,
T,2026-07-18 18:00:11.000,26.41458500,-80.16281500,1.60,20.458,-27.758,0.671,343,16,19,,
T,2026-07-18 18:00:12.000,26.41459333,-80.16281500,1.60,20.858,-27.758,0.698,335,16,19,,
T,2026-07-18 18:00:13.000,26.41460500,-80.16281667,1.60,20.958,-27.758,0.791,352,16,19,,
T,2026-07-18 18:00:14.000,26.41461833,-80.16281667,1.70,20.858,-27.758,0.844,3,16,19,,
T,2026-07-18 18:00:15.000,26.41463500,-80.16281833,1.70,21.058,-27.758,0.898,2,16,19,,
T,2026-07-18 18:00:16.000,26.41464500,-80.16281833,1.70,20.758,-27.758,0.969,0,16,19,,
T,2026-07-18 18:00:17.000,26.41465500,-80.16281833,1.70,20.958,-27.758,1.041,356,16,19,,
T,2026-07-18 18:00:18.000,26.41466500,-80.16282167,1.70,20.858,-27.758,1.075,352,16,19,,
T,2026-07-18 18:00:19.000,26.41467167,-80.16282167,1.70,20.558,-27.758,1.101,356,16,19,,
T,2026-07-18 18:00:20.000,26.41468167,-80.16282333,1.70,20.258,-27.758,1.134,352,16,19,,
T,2026-07-18 18:00:21.000,26.41469500,-80.16282333,1.70,20.058,-27.758,1.220,355,16,19,,
T,2026-07-18 18:00:22.000,26.41470833,-80.16282500,1.70,19.758,-27.758,1.297,354,16,19,,
T,2026-07-18 18:00:23.000,26.41472000,-80.16282500,1.70,19.258,-27.758,1.285,0,16,19,,
T,2026-07-18 18:00:24.000,26.41473167,-80.16282500,1.70,18.958,-27.758,1.329,5,16,19,,
T,2026-07-18 18:00:25.000,26.41474667,-80.16282000,1.80,18.958,-27.758,1.355,5,16,19,,
T,2026-07-18 18:00:26.000,26.41476333,-80.16281500,1.80,19.558,-27.758,1.350,8,16,19,,
T,2026-07-18 18:00:27.000,26.41478000,-80.16281000,1.80,19.558,-27.758,1.391,4,16,19,,
T,2026-07-18 18:00:28.000,26.41479667,-80.16281333,1.80,19.558,-27.758,1.431,1,16,19,,
T,2026-07-18 18:00:29.000,26.41481167,-80.16281833,1.80,19.358,-27.758,1.467,359,16,19,,
T,2026-07-18 18:00:30.000,26.41482167,-80.16282000,1.70,18.958,-27.758,1.471,360,16,19,,
T,2026-07-18 18:00:31.000,26.41483500,-80.16282167,1.70,18.758,-27.758,1.472,358,16,19,,
T,2026-07-18 18:00:32.000,26.41484833,-80.16282333,1.70,18.458,-27.758,1.500,356,16,19,,
T,2026-07-18 18:00:33.000,26.41486167,-80.16283000,1.70,17.858,-27.758,1.547,349,16,19,,
T,2026-07-18 18:00:34.000,26.41487500,-80.16283333,1.70,17.358,-27.758,1.545,354,16,19,,
T,2026-07-18 18:00:35.000,26.41489167,-80.16283833,1.70,16.558,-27.758,1.570,347,16,19,,
T,2026-07-18 18:00:36.000,26.41490833,-80.16284667,1.70,16.358,-27.758,1.660,344,16,19,,
T,2026-07-18 18:00:37.000,26.41493000,-80.16285000,1.80,16.158,-27.758,1.651,348,16,19,,
T,2026-07-18 18:00:38.000,26.41495167,-80.16285000,1.80,15.958,-27.758,1.695,335,16,19,,
T,2026-07-18 18:00:39.000,26.41497167,-80.16285000,1.80,16.158,-27.758,1.743,341,16,19,,
T,2026-07-18 18:00:40.000,26.41498833,-80.16285000,1.80,16.658,-27.758,1.769,350,16,19,,
T,2026-07-18 18:00:41.000,26.41500167,-80.16285000,1.80,17.158,-27.758,1.818,353,16,19,,
T,2026-07-18 18:00:42.000,26.41501667,-80.16285000,1.80,17.658,-27.758,1.830,355,16,19,,
T,2026-07-18 18:00:43.000,26.41502500,-80.16284833,1.80,18.158,-27.758,1.826,359,16,19,,
T,2026-07-18 18:00:44.000,26.41503667,-80.16285167,1.70,18.058,-27.758,1.840,357,16,19,,
T,2026-07-18 18:00:45.000,26.41505167,-80.16285333,1.70,17.958,-27.758,1.837,345,16,19,,
T,2026-07-18 18:00:46.000,26.41506833,-80.16285833,1.70,17.658,-27.758,1.770,346,16,19,,
T,2026-07-18 18:00:47.000,26.41508500,-80.16285833,1.70,17.058,-27.758,1.756,350,16,19,,
T,2026-07-18 18:00:48.000,26.41510167,-80.16285833,1.70,16.758,-27.758,1.689,356,16,19,,
T,2026-07-18 18:00:49.000,26.41511500,-80.16286000,1.70,16.658,-27.758,1.652,350,16,19,,
T,2026-07-18 18:00:50.000,26.41512833,-80.16286167,1.70,16.458,-27.758,1.645,345,16,19,,
T,2026-07-18 18:00:51.000,26.41514167,-80.16286500,1.70,16.558,-27.758,1.616,346,16,19,,
T,2026-07-18 18:00:52.000,26.41515500,-80.16286833,1.70,16.758,-27.758,1.595,345,16,19,,
T,2026-07-18 18:00:53.000,26.41516833,-80.16287333,1.70,16.758,-27.758,1.582,345,16,19,,
T,2026-07-18 18:00:54.000,26.41518333,-80.16287500,1.70,16.258,-27.758,1.560,343,16,19,,
T,2026-07-18 18:00:55.000,26.41519667,-80.16288000,1.70,15.958,-27.758,1.544,344,16,19,,
T,2026-07-18 18:00:56.000,26.41521167,-80.16288333,1.70,15.958,-27.758,1.561,342,16,19,,
T,2026-07-18 18:00:57.000,26.41522667,-80.16288500,1.70,15.958,-27.758,1.572,344,16,19,,
T,2026-07-18 18:00:58.000,26.41524333,-80.16288500,1.70,15.958,-27.758,1.613,347,16,19,,
T,2026-07-18 18:00:59.000,26.41526167,-80.16289167,1.70,16.058,-27.758,1.615,352,16,19,,
T,2026-07-18 18:01:00.000,26.41527833,-80.16289167,1.70,16.158,-27.758,1.637,354,16,19,,
T,2026-07-18 18:01:01.000,26.41530000,-80.16289500,1.70,16.158,-27.758,1.657,351,16,19,,
T,2026-07-18 18:01:02.000,26.41532000,-80.16289833,1.70,16.658,-27.758,1.654,353,16,19,,
T,2026-07-18 18:01:03.000,26.41533667,-80.16289833,1.70,16.758,-27.758,1.650,359,16,19,,
T,2026-07-18 18:01:04.000,26.41535000,-80.16289833,1.70,16.858,-27.758,1.656,360,16,19,,
T,2026-07-18 18:01:05.000,26.41536333,-80.16289333,1.70,16.658,-27.758,1.641,1,16,19,,
T,2026-07-18 18:01:06.000,26.41537833,-80.16289500,1.70,16.058,-27.758,1.649,0,16,19,,
T,2026-07-18 18:01:07.000,26.41539167,-80.16289333,1.70,15.658,-27.758,1.665,358,16,19,,
T,2026-07-18 18:01:08.000,26.41540500,-80.16289333,1.70,15.258,-27.758,1.665,355,16,19,,
T,2026-07-18 18:01:09.000,26.41541833,-80.16289500,1.70,15.658,-27.758,1.664,358,16,19,,
T,2026-07-18 18:01:10.000,26.41543333,-80.16289333,1.70,15.958,-27.758,1.667,360,16,19,,
T,2026-07-18 18:01:11.000,26.41545167,-80.16288833,1.70,16.458,-27.758,1.660,359,16,19,,
T,2026-07-18 18:01:12.000,26.41546500,-80.16289167,1.70,16.858,-27.758,1.679,357,16,19,,
T,2026-07-18 18:01:13.000,26.41548167,-80.16289167,1.60,16.958,-27.758,1.689,2,16,19,,
T,2026-07-18 18:01:14.000,26.41550000,-80.16289333,1.70,17.158,-27.758,1.702,1,16,19,,
T,2026-07-18 18:01:15.000,26.41552000,-80.16289667,1.60,17.558,-27.758,1.752,350,16,19,,
T,2026-07-18 18:01:16.000,26.41553667,-80.16290333,1.70,17.458,-27.758,1.757,349,16,19,,
T,2026-07-18 18:01:17.000,26.41555333,-80.16290333,1.70,17.558,-27.758,1.747,353,16,19,,
T,2026-07-18 18:01:18.000,26.41557000,-80.16290500,1.70,17.758,-27.758,1.749,357,16,19,,
T,2026-07-18 18:01:19.000,26.41558500,-80.16290500,1.70,18.058,-27.758,1.746,353,16,19,,
T,2026-07-18 18:01:20.000,26.41560000,-80.16290667,1.70,18.258,-27.758,1.726,350,16,19,,
T,2026-07-18 18:01:21.000,26.41561500,-80.16291167,1.70,18.558,-27.758,1.729,352,16,19,,
T,2026-07-18 18:01:22.000,26.41563167,-80.16291167,1.70,18.558,-27.758,1.729,353,16,19,,
T,2026-07-18 18:01:23.000,26.41564833,-80.16291333,1.70,18.558,-27.758,1.733,354,16,19,,
T,2026-07-18 18:01:24.000,26.41566500,-80.16291500,1.70,18.858,-27.758,1.756,351,16,19,,
T,2026-07-18 18:01:25.000,26.41568667,-80.16291667,1.70,19.158,-27.758,1.777,350,16,19,,
T,2026-07-18 18:01:26.000,26.41570667,-80.16291667,1.70,19.758,-27.758,1.778,354,16,19,,
T,2026-07-18 18:01:27.000,26.41572333,-80.16291833,1.70,20.058,-27.758,1.779,353,16,19,,
T,2026-07-18 18:01:28.000,26.41574000,-80.16292000,1.70,20.258,-27.758,1.784,352,16,19,,
T,2026-07-18 18:01:29.000,26.41575667,-80.16292167,1.70,20.258,-27.758,1.786,351,16,19,,
T,2026-07-18 18:01:30.000,26.41577000,-80.16292667,1.70,20.358,-27.758,1.791,350,16,19,,
T,2026-07-18 18:01:31.000,26.41578500,-80.16293000,1.70,20.458,-27.758,1.791,354,15,19,,
T,2026-07-18 18:01:32.000,26.41580000,-80.16293333,1.70,20.458,-27.758,1.787,350,15,19,,
T,2026-07-18 18:01:33.000,26.41581500,-80.16294167,1.70,20.258,-27.758,1.783,348,15,19,,
T,2026-07-18 18:01:34.000,26.41583000,-80.16294667,1.70,19.858,-27.758,1.791,350,16,19,,
T,2026-07-18 18:01:35.000,26.41584333,-80.16294833,1.70,19.758,-27.758,1.772,347,16,19,,
T,2026-07-18 18:01:36.000,26.41585667,-80.16295500,1.70,19.558,-27.758,1.776,345,15,19,,
T,2026-07-18 18:01:37.000,26.41586667,-80.16296333,1.70,19.358,-27.758,1.789,344,15,19,,
T,2026-07-18 18:01:38.000,26.41588000,-80.16297167,1.70,19.458,-27.758,1.802,342,15,19,,
T,2026-07-18 18:01:39.000,26.41589500,-80.16297833,1.70,19.358,-27.758,1.836,335,16,19,,
T,2026-07-18 18:01:40.000,26.41590833,-80.16298667,1.70,19.558,-27.758,1.851,332,16,19,,
T,2026-07-18 18:01:41.000,26.41592333,-80.16299000,1.70,19.958,-27.758,1.867,333,15,19,,
T,2026-07-18 18:01:42.000,26.41594167,-80.16299167,1.70,20.358,-27.758,1.879,330,15,19,,
T,2026-07-18 18:01:43.000,26.41596000,-80.16299833,1.70,20.558,-27.758,1.914,342,16,19,,
T,2026-07-18 18:01:44.000,26.41597833,-80.16300667,1.70,20.758,-27.758,1.896,338,16,19,,
T,2026-07-18 18:01:45.000,26.41599167,-80.16301333,1.70,21.158,-27.758,1.874,342,16,19,,
T,2026-07-18 18:01:46.000,26.41601000,-80.16302000,1.70,21.558,-27.758,1.866,338,16,19,,
T,2026-07-18 18:01:47.000,26.41602500,-80.16302833,1.70,21.858,-27.758,1.872,349,16,19,,
T,2026-07-18 18:01:48.000,26.41604167,-80.16303167,1.70,22.258,-27.758,1.852,342,16,19,,
T,2026-07-18 18:01:49.000,26.41605667,-80.16303500,1.70,21.858,-27.758,1.827,343,15,19,,
T,2026-07-18 18:01:50.000,26.41607167,-80.16304000,1.70,21.858,-27.758,1.795,346,15,19,,
T,2026-07-18 18:01:51.000,26.41608500,-80.16304333,1.70,21.758,-27.758,1.781,345,15,19,,
T,2026-07-18 18:01:52.000,26.41610000,-80.16304667,1.70,21.558,-27.758,1.786,349,16,19,,
T,2026-07-18 18:01:53.000,26.41611667,-80.16305000,1.70,21.258,-27.758,1.772,355,15,19,,
T,2026-07-18 18:01:54.000,26.41613500,-80.16304833,1.70,21.158,-27.758,1.757,355,16,19,,
T,2026-07-18 18:01:55.000,26.41615000,-80.16305167,1.70,21.158,-27.758,1.757,355,16,19,,
T,2026-07-18 18:01:56.000,26.41616500,-80.16306167,1.70,20.858,-27.758,1.770,358,16,19,,
T,2026-07-18 18:01:57.000,26.41618667,-80.16306500,1.70,20.458,-27.758,1.760,2,16,19,,
T,2026-07-18 18:01:58.000,26.41620667,-80.16306667,1.70,19.958,-27.758,1.792,5,16,19,,
T,2026-07-18 18:01:59.000,26.41622167,-80.16306333,1.70,19.658,-27.758,1.804,4,16,19,,
T,2026-07-18 18:02:00.000,26.41624000,-80.16305833,1.70,19.658,-27.758,1.841,4,16,19,,
T,2026-07-18 18:02:01.000,26.41626000,-80.16305500,1.70,19.658,-27.758,1.887,3,16,19,,
T,2026-07-18 18:02:02.000,26.41628000,-80.16305333,1.70,19.558,-27.758,1.889,6,16,19,,
T,2026-07-18 18:02:03.000,26.41629667,-80.16305167,1.70,19.658,-27.758,1.886,0,16,19,,
T,2026-07-18 18:02:04.000,26.41631500,-80.16305500,1.70,19.658,-27.758,1.910,347,16,19,,
T,2026-07-18 18:02:05.000,26.41633167,-80.16306167,1.70,19.858,-27.758,1.951,344,16,19,,
T,2026-07-18 18:02:06.000,26.41634667,-80.16307333,1.70,20.158,-27.758,1.949,333,16,19,,
T,2026-07-18 18:02:07.000,26.41636000,-80.16308667,1.70,20.458,-27.758,1.982,327,16,19,,
T,2026-07-18 18:02:08.000,26.41637167,-80.16309667,1.70,20.758,-27.758,1.970,322,16,19,,
T,2026-07-18 18:02:09.000,26.41638667,-80.16310500,1.70,21.458,-27.758,1.988,324,16,19,,
T,2026-07-18 18:02:10.000,26.41640000,-80.16311333,1.80,21.858,-27.758,1.995,317,16,19,,
T,2026-07-18 18:02:11.000,26.41641333,-80.16312500,1.70,22.158,-27.758,1.961,321,16,19,,
T,2026-07-18 18:02:12.000,26.41642833,-80.16313667,1.80,22.458,-27.758,1.998,321,16,19,,
T,2026-07-18 18:02:13.000,26.41644000,-80.16315000,1.80,22.858,-27.758,2.018,319,16,19,,
T,2026-07-18 18:02:14.000,26.41645167,-80.16316667,1.70,23.058,-27.758,2.027,320,16,19,,
T,2026-07-18 18:02:15.000,26.41646333,-80.16317833,1.70,22.958,-27.758,2.037,316,16,19,,
T,2026-07-18 18:02:16.000,26.41647000,-80.16319167,1.70,22.858,-27.758,2.062,311,16,19,,
T,2026-07-18 18:02:17.000,26.41648167,-80.16320167,1.70,23.158,-27.758,2.086,306,16,19,,
T,2026-07-18 18:02:18.000,26.41649167,-80.16322333,1.80,23.657,-27.757,2.117,296,16,19,,
T,2026-07-18 18:02:19.000,26.41649667,-80.16324333,1.80,23.457,-27.757,2.151,288,16,19,,
T,2026-07-18 18:02:20.000,26.41649833,-80.16326333,1.80,22.957,-27.757,2.166,280,16,19,,
T,2026-07-18 18:02:21.000,26.41650167,-80.16328833,1.80,21.657,-27.757,2.188,276,16,19,,
T,2026-07-18 18:02:22.000,26.41650333,-80.16331000,1.80,20.157,-27.757,2.177,286,15,19,,
T,2026-07-18 18:02:23.000,26.41650667,-80.16333333,1.80,19.257,-27.757,2.184,283,16,19,,
T,2026-07-18 18:02:24.000,26.41651000,-80.16335500,1.80,18.557,-27.757,2.201,285,16,19,,
T,2026-07-18 18:02:25.000,26.41651333,-80.16337667,1.80,18.057,-27.757,2.209,282,16,19,,
T,2026-07-18 18:02:26.000,26.41651833,-80.16340333,1.80,17.557,-27.757,2.252,289,16,19,,
T,2026-07-18 18:02:27.000,26.41652500,-80.16343000,1.80,17.057,-27.757,2.264,279,16,19,,
T,2026-07-18 18:02:28.000,26.41652667,-80.16345667,1.70,17.156,-27.756,2.281,283,16,19,,
T,2026-07-18 18:02:29.000,26.41652833,-80.16348667,1.70,16.856,-27.756,2.298,276,16,19,,
T,2026-07-18 18:02:30.000,26.41652500,-80.16351667,1.70,16.456,-27.756,2.337,276,15,19,,
T,2026-07-18 18:02:31.000,26.41652333,-80.16354167,1.60,15.856,-27.756,2.385,278,16,19,,
T,2026-07-18 18:02:32.000,26.41652667,-80.16356833,1.70,15.756,-27.756,2.437,279,16,19,,
T,2026-07-18 18:02:33.000,26.41653333,-80.16359500,1.70,15.756,-27.756,2.478,280,16,19,,
T,2026-07-18 18:02:34.000,26.41653833,-80.16361833,1.80,15.656,-27.756,2.506,284,16,19,,
T,2026-07-18 18:02:35.000,26.41654667,-80.16364000,1.80,15.656,-27.756,2.527,287,16,19,,
T,2026-07-18 18:02:36.000,26.41655167,-80.16366167,1.80,15.556,-27.756,2.514,287,16,19,,
T,2026-07-18 18:02:37.000,26.41655833,-80.16368667,1.70,15.656,-27.756,2.515,290,16,19,,
T,2026-07-18 18:02:38.000,26.41656500,-80.16371167,1.80,15.455,-27.755,2.504,289,16,19,,
T,2026-07-18 18:02:39.000,26.41657333,-80.16373667,1.70,15.355,-27.755,2.488,291,16,19,,
T,2026-07-18 18:02:40.000,26.41657833,-80.16375833,1.70,15.355,-27.755,2.494,286,16,19,,
T,2026-07-18 18:02:41.000,26.41658333,-80.16378333,1.70,15.555,-27.755,2.486,285,16,19,,
T,2026-07-18 18:02:42.000,26.41659000,-80.16380833,1.70,15.855,-27.755,2.495,282,16,19,,
T,2026-07-18 18:02:43.000,26.41659833,-80.16383667,1.70,16.155,-27.755,2.499,284,15,19,,
T,2026-07-18 18:02:44.000,26.41660333,-80.16386667,1.70,16.255,-27.755,2.527,276,15,19,,
T,2026-07-18 18:02:45.000,26.41660500,-80.16389833,1.60,16.755,-27.755,2.549,273,15,19,,
T,2026-07-18 18:02:46.000,26.41660167,-80.16392667,1.60,16.955,-27.755,2.591,268,16,19,,
T,2026-07-18 18:02:47.000,26.41659667,-80.16395333,1.70,16.854,-27.754,2.613,263,16,19,,
T,2026-07-18 18:02:48.000,26.41659167,-80.16398000,1.70,17.054,-27.754,2.667,263,16,19,,
T,2026-07-18 18:02:49.000,26.41659000,-80.16400833,1.70,17.454,-27.754,2.704,260,16,19,,
T,2026-07-18 18:02:50.000,26.41658667,-80.16403167,1.70,17.454,-27.754,2.717,262,16,19,,
T,2026-07-18 18:02:51.000,26.41658500,-80.16405500,1.70,17.554,-27.754,2.735,264,16,19,,
T,2026-07-18 18:02:52.000,26.41658167,-80.16407833,1.80,17.354,-27.754,2.733,263,16,19,,
T,2026-07-18 18:02:53.000,26.41658000,-80.16410667,1.80,17.154,-27.754,2.744,266,16,19,,
T,2026-07-18 18:02:54.000,26.41658000,-80.16413500,1.80,17.254,-27.754,2.746,268,15,19,,
T,2026-07-18 18:02:55.000,26.41658333,-80.16416667,1.80,17.254,-27.754,2.751,268,15,19,,
T,2026-07-18 18:02:56.000,26.41658500,-80.16419833,1.80,17.353,-27.753,2.749,267,15,19,,
T,2026-07-18 18:02:57.000,26.41658667,-80.16422833,1.90,17.553,-27.753,2.740,272,15,19,,
T,2026-07-18 18:02:58.000,26.41659000,-80.16425500,1.90,17.053,-27.753,2.678,275,14,19,,
T,2026-07-18 18:02:59.000,26.41659667,-80.16428167,1.90,16.453,-27.753,2.668,286,14,19,,
T,2026-07-18 18:03:00.000,26.41660500,-80.16430833,2.00,15.953,-27.753,2.670,295,14,19,,
T,2026-07-18 18:03:01.000,26.41661500,-80.16433167,2.00,16.253,-27.753,2.641,298,15,19,,
T,2026-07-18 18:03:02.000,26.41662833,-80.16435333,1.90,16.653,-27.753,2.554,281,14,19,,
T,2026-07-18 18:03:03.000,26.41663667,-80.16437167,1.90,17.253,-27.753,2.472,289,14,19,,
T,2026-07-18 18:03:04.000,26.41665167,-80.16439000,1.90,17.853,-27.753,2.410,301,14,19,,
T,2026-07-18 18:03:05.000,26.41666833,-80.16440500,1.90,18.253,-27.753,2.331,311,14,19,,
T,2026-07-18 18:03:06.000,26.41668667,-80.16441833,1.90,18.853,-27.753,2.200,307,14,19,,
T,2026-07-18 18:03:07.000,26.41669500,-80.16443000,1.80,19.353,-27.753,2.077,274,15,19,,
T,2026-07-18 18:03:08.000,26.41669500,-80.16444000,1.80,19.553,-27.753,1.961,259,16,19,,
T,2026-07-18 18:03:09.000,26.41670000,-80.16444167,1.80,20.453,-27.753,1.750,260,16,19,,
T,2026-07-18 18:03:10.000,26.41669833,-80.16444333,1.80,20.853,-27.753,1.526,255,15,19,,
T,2026-07-18 18:03:11.000,26.41669833,-80.16444500,1.80,21.253,-27.753,1.336,253,15,19,,
T,2026-07-18 18:03:12.000,26.41669167,-80.16444667,1.80,21.552,-27.752,1.221,184,15,19,,
T,2026-07-18 18:03:13.000,26.41668500,-80.16444500,1.90,22.352,-27.752,1.097,186,16,19,,
T,2026-07-18 18:03:14.000,26.41667833,-80.16444500,1.90,23.052,-27.752,0.950,190,16,19,,
T,2026-07-18 18:03:15.000,26.41667167,-80.16444667,1.80,23.552,-27.752,0.826,193,16,19,,
T,2026-07-18 18:03:16.000,26.41666333,-80.16445000,1.80,23.752,-27.752,0.750,194,16,19,,
T,2026-07-18 18:03:17.000,26.41665667,-80.16444833,1.80,24.052,-27.752,0.683,195,16,19,,
T,2026-07-18 18:03:18.000,26.41665167,-80.16445000,1.80,24.352,-27.752,0.633,198,16,19,,
T,2026-07-18 18:03:19.000,26.41665000,-80.16445167,1.80,24.452,-27.752,0.619,230,16,19,,
T,2026-07-18 18:03:20.000,26.41664833,-80.16445500,1.80,24.752,-27.752,0.605,239,15,19,,
T,2026-07-18 18:03:21.000,26.41664667,-80.16445500,1.80,25.152,-27.752,0.581,236,16,19,,
T,2026-07-18 18:03:22.000,26.41664500,-80.16445333,1.80,25.152,-27.752,0.521,246,16,19,,
T,2026-07-18 18:03:23.000,26.41664333,-80.16445167,1.70,25.352,-27.752,0.455,234,16,19,,
T,2026-07-18 18:03:24.000,26.41664333,-80.16444833,1.70,25.652,-27.752,0.000,,16,19,,
T,2026-07-18 18:03:25.000,26.41664333,-80.16444500,1.70,25.852,-27.752,0.000,,15,19,,
T,2026-07-18 18:03:26.000,26.41664167,-80.16444167,1.70,26.052,-27.752,0.000,,15,19,,
T,2026-07-18 18:03:27.000,26.41664167,-80.16444167,1.60,26.052,-27.752,0.000,,16,19,,
T,2026-07-18 18:03:28.000,26.41664167,-80.16444167,1.60,26.052,-27.752,0.000,,16,19,,
T,2026-07-18 18:03:29.000,26.41664167,-80.16444167,1.60,26.052,-27.752,0.000,,16,19,,
T,2026-07-18 18:03:30.000,26.41664167,-80.16444167,1.60,26.052,-27.752,0.000,,16,19,,
T,2026-07-18 18:03:31.000,26.41664167,-80.16444167,1.60,26.052,-27.752,0.000,,16,19,,
T,2026-07-18 18:03:32.000,26.41664167,-80.16444167,1.60,26.052,-27.752,0.000,,16,19,,
T,2026-07-18 18:03:33.000,26.41664167,-80.16444167,1.60,26.052,-27.752,0.000,,16,19,,
T,2026-07-18 18:03:34.000,26.41664167,-80.16444167,1.60,26.052,-27.752,0.000,,16,19,,
T,2026-07-18 18:03:35.000,26.41664167,-80.16444167,1.60,26.052,-27.752,0.000,,16,19,,
T,2026-07-18 18:03:36.000,26.41664167,-80.16444167,1.60,26.052,-27.752,0.000,,16,19,,
T,2026-07-18 18:03:37.000,26.41664167,-80.16444167,1.60,26.052,-27.752,0.000,,16,19,,
T,2026-07-18 18:03:38.000,26.41664167,-80.16444167,1.60,26.052,-27.752,0.000,,16,19,,
T,2026-07-18 18:03:39.000,26.41664167,-80.16444167,1.60,26.052,-27.752,0.000,,16,19,,
T,2026-07-18 18:03:40.000,26.41664167,-80.16444167,1.60,26.052,-27.752,0.000,,15,19,,
T,2026-07-18 18:03:41.000,26.41664167,-80.16444167,1.60,26.052,-27.752,0.000,,15,19,,
T,2026-07-18 18:03:42.000,26.41664167,-80.16444167,1.60,26.052,-27.752,0.000,,15,19,,
T,2026-07-18 18:03:43.000,26.41664167,-80.16444167,1.60,26.052,-27.752,0.000,,15,19,,
T,2026-07-18 18:03:44.000,26.41664167,-80.16444167,1.60,26.052,-27.752,0.000,,15,19,,
T,2026-07-18 18:03:45.000,26.41664167,-80.16444167,1.60,26.052,-27.752,0.000,,15,19,,
T,2026-07-18 18:03:46.000,26.41664167,-80.16444167,1.60,26.052,-27.752,0.000,,15,19,,
T,2026-07-18 18:03:47.000,26.41664167,-80.16444167,1.60,26.052,-27.752,0.000,,15,19,,
T,2026-07-18 18:03:48.000,26.41664167,-80.16444167,1.60,26.052,-27.752,0.000,,15,19,,
T,2026-07-18 18:03:49.000,26.41664167,-80.16444167,1.60,26.052,-27.752,0.000,,15,19,,
T,2026-07-18 18:03:50.000,26.41664167,-80.16444167,1.60,26.052,-27.752,0.000,,15,19,,
T,2026-07-18 18:03:51.000,26.41664167,-80.16444167,1.60,26.052,-27.752,0.000,,15,19,,
T,2026-07-18 18:03:52.000,26.41664167,-80.16444167,1.60,26.052,-27.752,0.000,,15,19,,
T,2026-07-18 18:03:53.000,26.41664167,-80.16444167,1.60,26.052,-27.752,0.000,,15,19,,
T,2026-07-18 18:03:54.000,26.41664167,-80.16444167,1.60,26.052,-27.752,0.000,,15,19,,
T,2026-07-18 18:03:55.000,26.41664167,-80.16444167,1.60,26.052,-27.752,0.000,,15,19,,
T,2026-07-18 18:03:56.000,26.41664167,-80.16444167,1.60,26.052,-27.752,0.000,,15,19,,
T,2026-07-18 18:03:57.000,26.41664167,-80.16444167,1.60,26.052,-27.752,0.000,,15,19,,
T,2026-07-18 18:03:58.000,26.41664167,-80.16444167,1.60,26.052,-27.752,0.000,,14,19,,
T,2026-07-18 18:03:59.000,26.41664167,-80.16444167,1.60,26.052,-27.752,0.000,,14,19,,
T,2026-07-18 18:04:00.000,26.41664167,-80.16444167,1.60,26.052,-27.752,0.000,,14,19,,
T,2026-07-18 18:04:01.000,26.41664167,-80.16444167,1.60,26.052,-27.752,0.000,,15,19,,
T,2026-07-18 18:04:02.000,26.41664167,-80.16444167,1.60,26.052,-27.752,0.000,,15,19,,
T,2026-07-18 18:04:03.000,26.41664167,-80.16444167,1.60,26.052,-27.752,0.000,,15,19,,
T,2026-07-18 18:04:04.000,26.41664167,-80.16444167,1.60,26.052,-27.752,0.000,,15,19,,
T,2026-07-18 18:04:05.000,26.41664167,-80.16444167,1.70,26.052,-27.752,0.000,,15,19,,
T,2026-07-18 18:04:06.000,26.41664167,-80.16444167,1.70,26.052,-27.752,0.000,,15,19,,
T,2026-07-18 18:04:07.000,26.41664167,-80.16444167,1.80,26.052,-27.752,0.000,,15,19,,
T,2026-07-18 18:04:08.000,26.41664167,-80.16444167,1.80,26.052,-27.752,0.000,,16,19,,
T,2026-07-18 18:04:09.000,26.41664167,-80.16444167,1.80,26.052,-27.752,0.000,,16,19,,
T,2026-07-18 18:04:10.000,26.41664167,-80.16444167,1.80,26.052,-27.752,0.000,,16,19,,
T,2026-07-18 18:04:11.000,26.41662333,-80.16443833,1.90,28.652,-27.752,0.288,97,16,19,,
T,2026-07-18 18:04:12.000,26.41661500,-80.16442833,1.90,28.453,-27.753,0.403,120,16,19,,
T,2026-07-18 18:04:13.000,26.41660833,-80.16440500,1.90,28.053,-27.753,0.627,99,16,19,,
T,2026-07-18 18:04:14.000,26.41660333,-80.16437333,1.90,27.153,-27.753,0.881,96,16,19,,
T,2026-07-18 18:04:15.000,26.41660000,-80.16432833,2.00,26.653,-27.753,1.172,93,14,19,,
T,2026-07-18 18:04:16.000,26.41659333,-80.16429000,2.20,25.553,-27.753,1.494,94,14,19,,
T,2026-07-18 18:04:17.000,26.41658833,-80.16425167,2.30,24.453,-27.753,1.811,100,13,19,,
T,2026-07-18 18:04:18.000,26.41658167,-80.16421333,2.40,23.353,-27.753,2.097,108,13,19,,
T,2026-07-18 18:04:19.000,26.41657500,-80.16418333,2.40,22.154,-27.754,2.380,107,14,19,,
T,2026-07-18 18:04:20.000,26.41657500,-80.16414833,2.40,21.154,-27.754,2.650,89,14,19,,
T,2026-07-18 18:04:21.000,26.41654000,-80.16413167,2.00,19.454,-27.754,2.886,91,14,19,,
T,2026-07-18 18:04:22.000,26.41655333,-80.16409000,1.90,19.454,-27.754,3.082,86,14,19,,
T,2026-07-18 18:04:23.000,26.41655833,-80.16405500,2.00,18.754,-27.754,3.174,89,15,19,,
T,2026-07-18 18:04:24.000,26.41656167,-80.16401667,2.10,18.454,-27.754,3.198,88,15,19,,
T,2026-07-18 18:04:25.000,26.41657000,-80.16398000,2.20,18.254,-27.754,3.223,81,15,19,,
T,2026-07-18 18:04:26.000,26.41657333,-80.16394000,2.20,17.855,-27.755,3.224,86,14,19,,
T,2026-07-18 18:04:27.000,26.41657667,-80.16390000,2.30,17.555,-27.755,3.248,93,14,19,,
T,2026-07-18 18:04:28.000,26.41657333,-80.16386500,2.30,16.955,-27.755,3.291,101,14,19,,
T,2026-07-18 18:04:29.000,26.41656833,-80.16383000,2.30,16.755,-27.755,3.355,107,15,19,,
T,2026-07-18 18:04:30.000,26.41656000,-80.16379333,2.30,16.755,-27.755,3.387,104,15,19,,
T,2026-07-18 18:04:31.000,26.41655333,-80.16375667,2.30,16.655,-27.755,3.408,108,15,19,,
T,2026-07-18 18:04:32.000,26.41654333,-80.16372333,2.30,16.655,-27.755,3.438,101,15,19,,
T,2026-07-18 18:04:33.000,26.41653833,-80.16368833,2.30,16.356,-27.756,3.458,103,15,19,,
T,2026-07-18 18:04:34.000,26.41653167,-80.16365333,2.30,16.356,-27.756,3.468,105,15,19,,
T,2026-07-18 18:04:35.000,26.41652500,-80.16362000,2.30,16.156,-27.756,3.461,103,15,19,,
T,2026-07-18 18:04:36.000,26.41652167,-80.16358833,2.30,15.756,-27.756,3.441,104,15,19,,
T,2026-07-18 18:04:37.000,26.41651833,-80.16356000,2.30,16.156,-27.756,3.419,99,15,19,,
T,2026-07-18 18:04:38.000,26.41651833,-80.16353000,2.30,15.756,-27.756,3.416,93,15,19,,
T,2026-07-18 18:04:39.000,26.41651333,-80.16349667,2.30,16.456,-27.756,3.382,94,16,19,,
T,2026-07-18 18:04:40.000,26.41651000,-80.16346833,2.00,18.056,-27.756,3.366,97,16,19,,
T,2026-07-18 18:04:41.000,26.41650667,-80.16343500,2.10,17.557,-27.757,3.357,104,16,19,,
T,2026-07-18 18:04:42.000,26.41649667,-80.16340167,2.20,18.057,-27.757,3.342,109,16,19,,
T,2026-07-18 18:04:43.000,26.41649000,-80.16336667,2.30,18.057,-27.757,3.312,111,16,19,,
T,2026-07-18 18:04:44.000,26.41647500,-80.16334167,2.30,17.757,-27.757,3.329,131,16,19,,
T,2026-07-18 18:04:45.000,26.41645167,-80.16331667,2.40,17.457,-27.757,3.344,141,16,19,,
T,2026-07-18 18:04:46.000,26.41642833,-80.16329333,2.40,17.257,-27.757,3.345,146,16,19,,
T,2026-07-18 18:04:47.000,26.41640167,-80.16327667,2.40,17.157,-27.757,3.292,147,16,19,,
T,2026-07-18 18:04:48.000,26.41637667,-80.16326000,2.50,16.457,-27.757,3.253,153,16,19,,
T,2026-07-18 18:04:49.000,26.41634667,-80.16324333,2.20,15.557,-27.757,3.260,156,16,19,,
T,2026-07-18 18:04:50.000,26.41631833,-80.16323000,2.30,14.757,-27.757,3.273,157,15,19,,
T,2026-07-18 18:04:51.000,26.41629000,-80.16321833,2.40,14.057,-27.757,3.287,155,15,19,,
T,2026-07-18 18:04:52.000,26.41626500,-80.16320167,2.40,13.457,-27.757,3.317,142,15,19,,
T,2026-07-18 18:04:53.000,26.41624667,-80.16317500,2.40,13.157,-27.757,3.344,129,15,19,,
T,2026-07-18 18:04:54.000,26.41623167,-80.16314667,2.40,13.558,-27.758,3.316,134,15,19,,
T,2026-07-18 18:04:55.000,26.41620667,-80.16312333,2.40,13.558,-27.758,3.300,148,15,19,,
T,2026-07-18 18:04:56.000,26.41617833,-80.16310667,2.40,13.258,-27.758,3.324,157,15,19,,
T,2026-07-18 18:04:57.000,26.41614500,-80.16308833,2.30,14.058,-27.758,3.399,164,16,19,,
T,2026-07-18 18:04:58.000,26.41611167,-80.16308000,2.40,13.658,-27.758,3.443,171,16,19,,
T,2026-07-18 18:04:59.000,26.41607833,-80.16308167,2.40,13.558,-27.758,3.481,184,16,19,,
T,2026-07-18 18:05:00.000,26.41604667,-80.16309167,2.40,12.958,-27.758,3.528,210,16,19,,
T,2026-07-18 18:05:01.000,26.41601667,-80.16311167,2.30,13.358,-27.758,3.559,202,16,19,,
T,2026-07-18 18:05:02.000,26.41598333,-80.16311500,2.30,13.658,-27.758,3.585,178,16,19,,
T,2026-07-18 18:05:03.000,26.41594833,-80.16309833,2.40,13.858,-27.758,3.649,155,16,19,,
T,2026-07-18 18:05:04.000,26.41592500,-80.16306667,2.40,13.858,-27.758,3.673,131,16,19,,
T,2026-07-18 18:05:05.000,26.41590833,-80.16303500,2.40,14.358,-27.758,3.679,121,16,19,,
T,2026-07-18 18:05:06.000,26.41588833,-80.16300833,2.40,14.658,-27.758,3.694,123,16,19,,
T,2026-07-18 18:05:07.000,26.41586833,-80.16298667,2.50,14.058,-27.758,3.676,128,16,19,,
T,2026-07-18 18:05:08.000,26.41584333,-80.16296833,2.40,13.358,-27.758,3.654,141,16,19,,
T,2026-07-18 18:05:09.000,26.41581500,-80.16295333,2.40,13.358,-27.758,3.617,152,16,19,,
T,2026-07-18 18:05:10.000,26.41578833,-80.16294833,2.40,13.458,-27.758,3.538,170,16,19,,
T,2026-07-18 18:05:11.000,26.41576000,-80.16294833,2.40,13.258,-27.758,3.437,181,16,19,,
T,2026-07-18 18:05:12.000,26.41573333,-80.16294833,2.40,13.558,-27.758,3.332,177,16,19,,
T,2026-07-18 18:05:13.000,26.41570333,-80.16294833,2.00,14.758,-27.758,3.203,179,16,19,,
T,2026-07-18 18:05:14.000,26.41567333,-80.16294333,1.90,15.958,-27.758,3.127,183,16,19,,
T,2026-07-18 18:05:15.000,26.41564167,-80.16294000,1.80,16.858,-27.758,3.084,177,16,19,,
T,2026-07-18 18:05:16.000,26.41561167,-80.16294167,1.80,16.658,-27.758,3.041,176,16,19,,
T,2026-07-18 18:05:17.000,26.41558167,-80.16294000,2.00,16.158,-27.758,3.041,176,16,19,,
T,2026-07-18 18:05:18.000,26.41555333,-80.16293500,2.10,15.758,-27.758,3.057,173,16,19,,
T,2026-07-18 18:05:19.000,26.41552333,-80.16293167,2.20,15.258,-27.758,3.067,174,16,19,,
T,2026-07-18 18:05:20.000,26.41549167,-80.16292833,2.30,14.758,-27.758,3.116,175,16,19,,
T,2026-07-18 18:05:21.000,26.41546167,-80.16292167,2.30,14.458,-27.758,3.201,170,16,19,,
T,2026-07-18 18:05:22.000,26.41543000,-80.16291667,2.30,14.058,-27.758,3.279,171,16,19,,
T,2026-07-18 18:05:23.000,26.41539833,-80.16291500,2.30,13.458,-27.758,3.334,171,16,19,,
T,2026-07-18 18:05:24.000,26.41536833,-80.16291667,2.30,12.758,-27.758,3.410,180,16,19,,
T,2026-07-18 18:05:25.000,26.41533833,-80.16291167,2.30,12.358,-27.758,3.461,170,16,19,,
T,2026-07-18 18:05:26.000,26.41530333,-80.16291000,2.30,11.858,-27.758,3.500,172,16,19,,
T,2026-07-18 18:05:27.000,26.41527167,-80.16290667,2.40,11.658,-27.758,3.502,177,16,19,,
T,2026-07-18 18:05:28.000,26.41524167,-80.16290333,2.30,11.758,-27.758,3.498,179,16,19,,
T,2026-07-18 18:05:29.000,26.41520833,-80.16290333,2.30,11.858,-27.758,3.505,176,16,19,,
T,2026-07-18 18:05:30.000,26.41517667,-80.16289833,2.30,12.058,-27.758,3.486,171,16,19,,
T,2026-07-18 18:05:31.000,26.41514667,-80.16289000,2.30,12.358,-27.758,3.435,167,16,19,,
T,2026-07-18 18:05:32.000,26.41512167,-80.16288167,2.30,12.658,-27.758,3.366,159,16,19,,
T,2026-07-18 18:05:33.000,26.41509333,-80.16288333,2.40,12.458,-27.758,3.327,175,16,19,,
T,2026-07-18 18:05:34.000,26.41506833,-80.16289000,2.10,12.958,-27.758,3.227,174,16,19,,
T,2026-07-18 18:05:35.000,26.41504667,-80.16289333,2.00,13.158,-27.758,3.095,174,16,19,,
T,2026-07-18 18:05:36.000,26.41502000,-80.16289333,1.90,13.358,-27.758,2.965,180,16,19,,
T,2026-07-18 18:05:37.000,26.41499500,-80.16289500,1.90,14.858,-27.758,2.824,183,16,19,,
T,2026-07-18 18:05:38.000,26.41497833,-80.16290500,1.80,14.358,-27.758,2.671,189,16,19,,
T,2026-07-18 18:05:39.000,26.41496333,-80.16291500,1.80,14.958,-27.758,2.526,216,14,19,,
T,2026-07-18 18:05:40.000,26.41495500,-80.16292667,1.80,14.858,-27.758,2.336,241,14,19,,
T,2026-07-18 18:05:41.000,26.41495333,-80.16293500,1.90,15.058,-27.758,2.117,272,14,19,,
T,2026-07-18 18:05:42.000,26.41495333,-80.16294667,1.80,15.358,-27.758,1.932,288,14,19,,
T,2026-07-18 18:05:43.000,26.41495500,-80.16296167,1.80,14.658,-27.758,1.746,288,14,19,,
T,2026-07-18 18:05:44.000,26.41495833,-80.16298000,1.70,14.458,-27.758,1.644,312,14,19,,
T,2026-07-18 18:05:45.000,26.41496667,-80.16300000,1.70,14.257,-27.757,1.606,300,14,19,,
T,2026-07-18 18:05:46.000,26.41497333,-80.16301167,1.70,14.357,-27.757,1.537,288,14,19,,
T,2026-07-18 18:05:47.000,26.41497667,-80.16302167,1.80,14.557,-27.757,1.462,288,14,19,,
T,2026-07-18 18:05:48.000,26.41498000,-80.16303833,1.70,14.657,-27.757,1.473,272,14,19,,
T,2026-07-18 18:05:49.000,26.41498333,-80.16305500,1.70,14.157,-27.757,1.476,275,14,19,,
T,2026-07-18 18:05:50.000,26.41498500,-80.16307833,1.70,13.657,-27.757,1.541,280,14,19,,
T,2026-07-18 18:05:51.000,26.41499000,-80.16310167,1.70,13.457,-27.757,1.680,276,14,19,,
T,2026-07-18 18:05:52.000,26.41499333,-80.16312500,1.70,13.957,-27.757,1.797,275,14,19,,
T,2026-07-18 18:05:53.000,26.41499667,-80.16315167,1.80,14.257,-27.757,1.887,274,14,19,,
T,2026-07-18 18:05:54.000,26.41499667,-80.16318000,1.80,14.257,-27.757,1.948,280,14,19,,
T,2026-07-18 18:05:55.000,26.41499167,-80.16321000,1.80,14.157,-27.757,1.987,274,14,19,,
T,2026-07-18 18:05:56.000,26.41498833,-80.16324000,1.90,13.757,-27.757,2.053,266,14,19,,
T,2026-07-18 18:05:57.000,26.41498333,-80.16326500,1.90,13.956,-27.756,2.168,249,14,19,,
T,2026-07-18 18:05:58.000,26.41496167,-80.16328667,1.90,14.256,-27.756,2.262,218,14,19,,
T,2026-07-18 18:05:59.000,26.41493500,-80.16330333,1.90,14.756,-27.756,2.364,218,14,19,,
T,2026-07-18 18:06:00.000,26.41491500,-80.16332333,1.90,15.656,-27.756,2.431,222,14,19,,
T,2026-07-18 18:06:01.000,26.41489833,-80.16334000,2.00,15.456,-27.756,2.455,224,14,19,,
T,2026-07-18 18:06:02.000,26.41488833,-80.16335333,2.00,14.856,-27.756,2.450,230,14,19,,
T,2026-07-18 18:06:03.000,26.41487667,-80.16337167,1.90,14.356,-27.756,2.425,227,14,19,,
T,2026-07-18 18:06:04.000,26.41487000,-80.16338500,1.90,13.656,-27.756,2.370,222,14,19,,
T,2026-07-18 18:06:05.000,26.41485667,-80.16339833,1.80,13.356,-27.756,2.289,220,14,19,,
T,2026-07-18 18:06:06.000,26.41484667,-80.16340667,1.80,12.856,-27.756,2.199,220,14,19,,
T,2026-07-18 18:06:07.000,26.41483000,-80.16341667,1.80,12.156,-27.756,2.173,214,14,19,,
T,2026-07-18 18:06:08.000,26.41481333,-80.16342833,1.80,12.556,-27.756,2.146,210,14,19,,
T,2026-07-18 18:06:09.000,26.41479000,-80.16344000,1.80,12.956,-27.756,2.104,210,14,19,,
T,2026-07-18 18:06:10.000,26.41476667,-80.16345333,1.80,13.456,-27.756,2.132,208,14,19,,
T,2026-07-18 18:06:11.000,26.41474000,-80.16347333,1.80,13.555,-27.755,2.208,212,14,19,,
T,2026-07-18 18:06:12.000,26.41471333,-80.16349167,1.90,13.555,-27.755,2.334,211,14,19,,
T,2026-07-18 18:06:13.000,26.41468500,-80.16350833,2.10,13.455,-27.755,2.519,207,14,19,,
T,2026-07-18 18:06:14.000,26.41465500,-80.16352667,2.20,13.655,-27.755,2.716,208,14,19,,
T,2026-07-18 18:06:15.000,26.41462333,-80.16354333,2.20,13.355,-27.755,2.920,207,14,19,,
T,2026-07-18 18:06:16.000,26.41459500,-80.16356000,2.30,13.055,-27.755,3.114,200,14,19,,
T,2026-07-18 18:06:17.000,26.41456833,-80.16357333,2.30,13.455,-27.755,3.189,207,14,19,,
T,2026-07-18 18:06:18.000,26.41454667,-80.16358500,2.30,13.055,-27.755,3.170,200,14,19,,
T,2026-07-18 18:06:19.000,26.41453333,-80.16359167,1.90,13.055,-27.755,3.106,192,14,19,,
T,2026-07-18 18:06:20.000,26.41451833,-80.16359500,1.90,12.755,-27.755,3.029,188,14,19,,
T,2026-07-18 18:06:21.000,26.41449333,-80.16360000,1.80,12.555,-27.755,2.965,187,14,19,,
T,2026-07-18 18:06:22.000,26.41446167,-80.16360000,1.80,12.855,-27.755,2.966,179,14,19,,
T,2026-07-18 18:06:23.000,26.41442833,-80.16359667,1.90,12.455,-27.755,2.982,179,14,19,,
T,2026-07-18 18:06:24.000,26.41439333,-80.16359167,2.00,12.255,-27.755,3.004,169,14,19,,
T,2026-07-18 18:06:25.000,26.41435833,-80.16358000,2.20,12.255,-27.755,3.045,161,14,19,,
T,2026-07-18 18:06:26.000,26.41432667,-80.16356333,2.20,12.055,-27.755,3.095,151,14,19,,
T,2026-07-18 18:06:27.000,26.41429833,-80.16353833,2.30,11.955,-27.755,3.191,135,14,19,,
T,2026-07-18 18:06:28.000,26.41427500,-80.16350833,2.30,11.655,-27.755,3.337,126,14,19,,
T,2026-07-18 18:06:29.000,26.41425833,-80.16347333,2.30,11.555,-27.755,3.569,116,14,19,,
T,2026-07-18 18:06:30.000,26.41424000,-80.16343667,2.40,11.655,-27.755,3.762,125,14,19,,
T,2026-07-18 18:06:31.000,26.41421500,-80.16340167,2.40,11.955,-27.755,3.942,128,14,19,,
T,2026-07-18 18:06:32.000,26.41419333,-80.16336500,2.40,12.056,-27.756,4.004,126,14,19,,
T,2026-07-18 18:06:33.000,26.41417500,-80.16332833,2.40,12.056,-27.756,4.043,121,14,19,,
T,2026-07-18 18:06:34.000,26.41415500,-80.16329167,2.40,12.156,-27.756,4.102,126,14,19,,
T,2026-07-18 18:06:35.000,26.41413833,-80.16325333,2.40,12.256,-27.756,4.146,119,14,19,,
T,2026-07-18 18:06:36.000,26.41412167,-80.16321333,2.40,12.356,-27.756,4.171,116,14,19,,
T,2026-07-18 18:06:37.000,26.41410333,-80.16317500,2.40,12.656,-27.756,4.203,122,14,19,,
T,2026-07-18 18:06:38.000,26.41408500,-80.16314000,2.40,12.556,-27.756,4.236,119,14,19,,
T,2026-07-18 18:06:39.000,26.41407000,-80.16310500,2.30,12.257,-27.757,4.243,120,14,19,,
T,2026-07-18 18:06:40.000,26.41404833,-80.16306500,2.30,12.457,-27.757,4.255,123,14,19,,
T,2026-07-18 18:06:41.000,26.41402833,-80.16302333,2.40,12.557,-27.757,4.283,118,14,19,,
T,2026-07-18 18:06:42.000,26.41401000,-80.16298833,2.40,12.457,-27.757,4.330,120,14,19,,
T,2026-07-18 18:06:43.000,26.41398667,-80.16295333,2.40,12.857,-27.757,4.368,122,14,19,,
T,2026-07-18 18:06:44.000,26.41396833,-80.16291500,2.40,12.357,-27.757,4.382,125,14,19,,
T,2026-07-18 18:06:45.000,26.41394833,-80.16287500,2.30,11.957,-27.757,4.394,124,14,19,,
T,2026-07-18 18:06:46.000,26.41392500,-80.16284000,2.40,11.858,-27.758,4.449,122,14,19,,
T,2026-07-18 18:06:47.000,26.41390333,-80.16279667,2.40,11.858,-27.758,4.501,121,14,19,,
T,2026-07-18 18:06:48.000,26.41388167,-80.16275500,2.40,12.158,-27.758,4.523,123,14,19,,
T,2026-07-18 18:06:49.000,26.41385833,-80.16271333,2.40,12.158,-27.758,4.507,128,14,19,,
T,2026-07-18 18:06:50.000,26.41383500,-80.16268000,2.40,12.958,-27.758,4.537,126,14,19,,
T,2026-07-18 18:06:51.000,26.41381333,-80.16264000,2.30,12.558,-27.758,4.555,123,14,19,,
T,2026-07-18 18:06:52.000,26.41379167,-80.16260000,2.40,12.558,-27.758,4.550,127,14,19,,
T,2026-07-18 18:06:53.000,26.41376667,-80.16256833,2.30,12.559,-27.759,4.551,126,14,19,,
T,2026-07-18 18:06:54.000,26.41374333,-80.16253667,2.30,12.959,-27.759,4.567,127,14,19,,
T,2026-07-18 18:06:55.000,26.41371833,-80.16250500,2.30,13.159,-27.759,4.505,132,14,19,,
T,2026-07-18 18:06:56.000,26.41369333,-80.16247667,2.30,13.359,-27.759,4.410,136,14,19,,
T,2026-07-18 18:06:57.000,26.41367000,-80.16245167,2.30,13.059,-27.759,4.308,136,14,19,,
T,2026-07-18 18:06:58.000,26.41364500,-80.16242833,2.30,12.659,-27.759,4.281,130,14,19,,
T,2026-07-18 18:06:59.000,26.41362167,-80.16240167,2.30,12.259,-27.759,4.261,134,14,19,,
T,2026-07-18 18:07:00.000,26.41359500,-80.16237833,2.30,12.159,-27.759,4.208,133,14,19,,
T,2026-07-18 18:07:01.000,26.41357167,-80.16234667,2.40,11.759,-27.759,4.131,132,14,19,,
T,2026-07-18 18:07:02.000,26.41354833,-80.16232000,2.40,11.160,-27.760,4.071,135,14,19,,
T,2026-07-18 18:07:03.000,26.41352333,-80.16229333,2.40,10.960,-27.760,4.001,135,14,19,,
T,2026-07-18 18:07:04.000,26.41350000,-80.16226667,2.30,10.660,-27.760,3.944,133,14,19,,
T,2026-07-18 18:07:05.000,26.41347667,-80.16224167,2.40,10.460,-27.760,3.929,135,14,19,,
T,2026-07-18 18:07:06.000,26.41345500,-80.16221667,2.30,10.160,-27.760,3.923,136,14,19,,
T,2026-07-18 18:07:07.000,26.41343167,-80.16218833,2.20,9.760,-27.760,3.939,135,14,19,,
T,2026-07-18 18:07:08.000,26.41340667,-80.16216500,2.00,11.160,-27.760,3.920,135,14,19,,
T,2026-07-18 18:07:09.000,26.41338167,-80.16213667,2.10,11.160,-27.760,3.923,133,14,19,,
T,2026-07-18 18:07:10.000,26.41336000,-80.16210833,2.20,11.360,-27.760,3.911,133,14,19,,
T,2026-07-18 18:07:11.000,26.41333333,-80.16208167,2.30,11.360,-27.760,3.903,134,14,19,,
T,2026-07-18 18:07:12.000,26.41331000,-80.16205667,2.30,11.360,-27.760,3.889,140,14,19,,
T,2026-07-18 18:07:13.000,26.41328500,-80.16203667,2.30,11.561,-27.761,3.887,140,14,19,,
T,2026-07-18 18:07:14.000,26.41325833,-80.16201667,2.40,11.661,-27.761,3.869,139,14,19,,
T,2026-07-18 18:07:15.000,26.41323000,-80.16199000,2.40,10.961,-27.761,3.904,143,14,19,,
T,2026-07-18 18:07:16.000,26.41320167,-80.16196667,2.40,11.161,-27.761,3.935,139,14,19,,
T,2026-07-18 18:07:17.000,26.41317667,-80.16194500,2.50,11.261,-27.761,3.971,144,14,19,,
T,2026-07-18 18:07:18.000,26.41314667,-80.16191500,2.40,11.061,-27.761,3.981,141,14,19,,
T,2026-07-18 18:07:19.000,26.41311667,-80.16188333,2.30,10.561,-27.761,3.983,139,14,19,,
T,2026-07-18 18:07:20.000,26.41308667,-80.16185833,2.00,11.661,-27.761,3.971,137,14,19,,
T,2026-07-18 18:07:21.000,26.41305667,-80.16183000,2.00,12.261,-27.761,3.979,142,14,19,,
T,2026-07-18 18:07:22.000,26.41302833,-80.16180667,2.10,11.961,-27.761,4.011,146,14,19,,
T,2026-07-18 18:07:23.000,26.41299667,-80.16178333,2.10,11.761,-27.761,4.026,144,16,19,,
T,2026-07-18 18:07:24.000,26.41297000,-80.16176000,2.00,12.261,-27.761,4.036,145,16,19,,
T,2026-07-18 18:07:25.000,26.41294333,-80.16173500,2.00,12.262,-27.762,4.034,140,16,19,,
T,2026-07-18 18:07:26.000,26.41291333,-80.16171333,1.80,12.462,-27.762,4.004,144,16,19,,
T,2026-07-18 18:07:27.000,26.41289000,-80.16169333,1.90,12.862,-27.762,3.911,143,15,19,,
T,2026-07-18 18:07:28.000,26.41286667,-80.16167833,2.10,12.762,-27.762,3.802,145,15,19,,
T,2026-07-18 18:07:29.000,26.41284500,-80.16166833,2.20,11.962,-27.762,3.691,145,15,19,,
T,2026-07-18 18:07:30.000,26.41283000,-80.16166333,2.00,11.262,-27.762,3.571,149,15,19,,
T,2026-07-18 18:07:31.000,26.41281500,-80.16165500,1.90,11.462,-27.762,3.378,148,15,19,,
T,2026-07-18 18:07:32.000,26.41280167,-80.16164333,1.90,12.162,-27.762,3.153,150,15,19,,
T,2026-07-18 18:07:33.000,26.41278667,-80.16163500,1.80,12.362,-27.762,2.906,150,15,19,,
T,2026-07-18 18:07:34.000,26.41278000,-80.16162333,1.70,12.062,-27.762,2.603,149,15,19,,
T,2026-07-18 18:07:35.000,26.41277333,-80.16161667,1.70,12.362,-27.762,2.345,144,15,19,,
T,2026-07-18 18:07:36.000,26.41276000,-80.16160167,1.70,12.062,-27.762,2.222,142,15,19,,
T,2026-07-18 18:07:37.000,26.41274000,-80.16158333,1.70,12.562,-27.762,2.187,150,16,19,,
T,2026-07-18 18:07:38.000,26.41271500,-80.16156500,1.80,13.462,-27.762,2.209,152,16,19,,
T,2026-07-18 18:07:39.000,26.41269333,-80.16154833,1.80,12.962,-27.762,2.153,152,16,19,,
T,2026-07-18 18:07:40.000,26.41267333,-80.16153667,2.00,12.662,-27.762,2.134,152,16,19,,
T,2026-07-18 18:07:41.000,26.41265500,-80.16153000,1.90,12.962,-27.762,2.191,162,16,19,,
T,2026-07-18 18:07:42.000,26.41263333,-80.16152167,1.80,13.062,-27.762,2.206,165,16,19,,
T,2026-07-18 18:07:43.000,26.41261667,-80.16151500,1.80,13.562,-27.762,2.212,159,16,19,,
T,2026-07-18 18:07:44.000,26.41260333,-80.16150667,1.80,13.862,-27.762,2.278,155,16,19,,
T,2026-07-18 18:07:45.000,26.41259167,-80.16149500,1.80,13.962,-27.762,2.347,163,16,19,,
T,2026-07-18 18:07:46.000,26.41257667,-80.16148333,1.90,14.262,-27.762,2.317,163,16,19,,
T,2026-07-18 18:07:47.000,26.41256167,-80.16147000,1.90,14.762,-27.762,2.297,145,16,19,,
T,2026-07-18 18:07:48.000,26.41253500,-80.16145000,2.00,15.563,-27.763,2.281,153,16,19,,
T,2026-07-18 18:07:49.000,26.41250833,-80.16143333,2.10,16.763,-27.763,2.380,174,16,19,,
T,2026-07-18 18:07:50.000,26.41248000,-80.16142667,2.30,17.063,-27.763,2.453,186,16,19,,
T,2026-07-18 18:07:51.000,26.41245333,-80.16142333,2.40,17.163,-27.763,2.462,181,16,19,,
T,2026-07-18 18:07:52.000,26.41242833,-80.16141500,2.50,17.363,-27.763,2.575,167,16,19,,
T,2026-07-18 18:07:53.000,26.41240167,-80.16140333,2.40,18.363,-27.763,2.754,168,16,19,,
T,2026-07-18 18:07:54.000,26.41237833,-80.16139333,2.50,18.463,-27.763,2.910,171,16,19,,
T,2026-07-18 18:07:55.000,26.41235167,-80.16138500,2.60,18.563,-27.763,3.018,174,16,19,,
T,2026-07-18 18:07:56.000,26.41232333,-80.16138000,2.70,18.763,-27.763,3.080,161,16,19,,
T,2026-07-18 18:07:57.000,26.41230167,-80.16136500,2.70,18.963,-27.763,3.079,155,16,19,,
T,2026-07-18 18:07:58.000,26.41227667,-80.16134500,2.50,19.063,-27.763,3.041,163,16,19,,
T,2026-07-18 18:07:59.000,26.41226167,-80.16131833,2.40,19.463,-27.763,2.966,159,16,19,,
T,2026-07-18 18:08:00.000,26.41222167,-80.16129833,2.10,20.063,-27.763,2.985,180,16,19,,
T,2026-07-18 18:08:01.000,26.41218667,-80.16128833,2.00,19.963,-27.763,3.013,166,16,19,,
T,2026-07-18 18:08:02.000,26.41215500,-80.16127667,2.00,20.263,-27.763,3.048,170,16,19,,
T,2026-07-18 18:08:03.000,26.41211333,-80.16127000,1.90,20.863,-27.763,3.093,172,15,19,,
T,2026-07-18 18:08:04.000,26.41207667,-80.16125167,1.90,20.863,-27.763,3.135,167,16,19,,
T,2026-07-18 18:08:05.000,26.41204333,-80.16124000,1.90,21.663,-27.763,3.140,167,16,19,,
T,2026-07-18 18:08:06.000,26.41201500,-80.16123000,1.80,21.963,-27.763,3.100,159,16,19,,
T,2026-07-18 18:08:07.000,26.41199167,-80.16122000,1.90,22.363,-27.763,3.080,173,16,19,,
T,2026-07-18 18:08:08.000,26.41196000,-80.16121333,1.80,22.163,-27.763,3.118,165,16,19,,
T,2026-07-18 18:08:09.000,26.41192333,-80.16120333,1.90,21.963,-27.763,3.177,163,16,19,,
T,2026-07-18 18:08:10.000,26.41189333,-80.16119667,2.10,21.863,-27.763,3.191,171,16,19,,
T,2026-07-18 18:08:11.000,26.41186833,-80.16119333,2.20,21.363,-27.763,3.145,171,16,19,,
T,2026-07-18 18:08:12.000,26.41183833,-80.16119333,2.30,21.263,-27.763,3.088,182,16,19,,
T,2026-07-18 18:08:13.000,26.41180167,-80.16118833,2.00,20.863,-27.763,3.014,178,16,19,,
T,2026-07-18 18:08:14.000,26.41177000,-80.16118333,1.80,21.063,-27.763,2.969,172,16,19,,
T,2026-07-18 18:08:15.000,26.41174167,-80.16118000,2.00,21.063,-27.763,2.932,171,16,19,,
T,2026-07-18 18:08:16.000,26.41170667,-80.16117667,2.10,21.163,-27.763,3.012,179,16,19,,
T,2026-07-18 18:08:17.000,26.41167500,-80.16117500,1.90,19.763,-27.763,3.015,179,16,19,,
T,2026-07-18 18:08:18.000,26.41165000,-80.16117500,2.00,18.663,-27.763,3.014,179,16,19,,
T,2026-07-18 18:08:19.000,26.41162167,-80.16117833,1.90,17.363,-27.763,3.006,180,16,19,,
T,2026-07-18 18:08:20.000,26.41159333,-80.16117833,2.00,16.263,-27.763,2.962,182,16,19,,
T,2026-07-18 18:08:21.000,26.41156167,-80.16117667,2.20,15.463,-27.763,3.013,180,16,19,,
T,2026-07-18 18:08:22.000,26.41153333,-80.16117500,2.20,14.963,-27.763,3.028,173,16,19,,
T,2026-07-18 18:08:23.000,26.41150333,-80.16117333,2.30,14.763,-27.763,3.031,173,16,19,,
T,2026-07-18 18:08:24.000,26.41147333,-80.16117333,2.30,14.363,-27.763,3.036,181,16,19,,
T,2026-07-18 18:08:25.000,26.41144000,-80.16117333,2.30,13.763,-27.763,3.058,181,16,19,,
T,2026-07-18 18:08:26.000,26.41140500,-80.16117500,2.30,13.563,-27.763,3.070,182,16,19,,
T,2026-07-18 18:08:27.000,26.41137167,-80.16117500,2.30,13.363,-27.763,3.146,183,16,19,,
T,2026-07-18 18:08:28.000,26.41133833,-80.16117833,2.30,13.463,-27.763,3.166,181,16,19,,
T,2026-07-18 18:08:29.000,26.41130833,-80.16117667,2.30,13.563,-27.763,3.167,182,16,19,,
T,2026-07-18 18:08:30.000,26.41128000,-80.16118000,2.30,13.863,-27.763,3.193,183,16,19,,
T,2026-07-18 18:08:31.000,26.41125000,-80.16117667,2.30,13.963,-27.763,3.208,177,16,19,,
T,2026-07-18 18:08:32.000,26.41122000,-80.16117333,2.30,14.363,-27.763,3.224,177,16,19,,
T,2026-07-18 18:08:33.000,26.41119167,-80.16117000,2.30,14.463,-27.763,3.241,174,16,19,,
T,2026-07-18 18:08:34.000,26.41115833,-80.16116333,2.30,14.663,-27.763,3.288,169,16,19,,
T,2026-07-18 18:08:35.000,26.41113000,-80.16116333,2.30,14.863,-27.763,3.330,176,16,19,,
T,2026-07-18 18:08:36.000,26.41110167,-80.16116167,2.40,15.063,-27.763,3.324,180,16,19,,
T,2026-07-18 18:08:37.000,26.41107167,-80.16116167,2.40,15.363,-27.763,3.304,181,16,19,,
T,2026-07-18 18:08:38.000,26.41104167,-80.16116167,2.40,15.763,-27.763,3.300,181,16,19,,
T,2026-07-18 18:08:39.000,26.41100833,-80.16116500,2.40,15.663,-27.763,3.311,184,16,19,,
T,2026-07-18 18:08:40.000,26.41097667,-80.16116667,2.40,15.663,-27.763,3.282,184,16,19,,
T,2026-07-18 18:08:41.000,26.41095000,-80.16117000,2.30,15.563,-27.763,3.275,184,16,19,,
T,2026-07-18 18:08:42.000,26.41092000,-80.16116833,2.30,16.163,-27.763,3.283,180,16,19,,
T,2026-07-18 18:08:43.000,26.41089333,-80.16117000,2.40,16.763,-27.763,3.281,181,16,19,,
T,2026-07-18 18:08:44.000,26.41086500,-80.16117000,2.40,17.363,-27.763,3.230,181,16,19,,
T,2026-07-18 18:08:45.000,26.41083667,-80.16117333,2.40,16.263,-27.763,3.185,180,16,19,,
T,2026-07-18 18:08:46.000,26.41081000,-80.16117333,2.30,15.463,-27.763,3.163,181,16,19,,
T,2026-07-18 18:08:47.000,26.41078333,-80.16117833,2.40,15.663,-27.763,3.132,184,16,19,,
T,2026-07-18 18:08:48.000,26.41075833,-80.16118333,2.40,15.963,-27.763,3.110,188,16,19,,
T,2026-07-18 18:08:49.000,26.41073167,-80.16119500,2.10,16.563,-27.763,3.075,187,16,19,,
T,2026-07-18 18:08:50.000,26.41070500,-80.16120000,1.90,16.163,-27.763,3.025,185,16,19,,
T,2026-07-18 18:08:51.000,26.41068500,-80.16120667,1.90,16.062,-27.762,2.944,186,16,19,,
T,2026-07-18 18:08:52.000,26.41066833,-80.16120833,1.90,16.062,-27.762,2.815,180,16,19,,
T,2026-07-18 18:08:53.000,26.41065333,-80.16120667,1.90,15.862,-27.762,2.689,176,16,19,,
T,2026-07-18 18:08:54.000,26.41064000,-80.16121000,1.90,16.762,-27.762,2.535,186,16,19,,
T,2026-07-18 18:08:55.000,26.41062833,-80.16120667,1.90,16.562,-27.762,2.417,164,16,19,,
T,2026-07-18 18:08:56.000,26.41061667,-80.16121000,1.90,16.762,-27.762,2.261,166,16,19,,
T,2026-07-18 18:08:57.000,26.41060667,-80.16121167,1.90,16.862,-27.762,2.099,171,16,19,,
T,2026-07-18 18:08:58.000,26.41060167,-80.16121333,1.90,17.762,-27.762,1.907,164,16,19,,
T,2026-07-18 18:08:59.000,26.41059500,-80.16121333,1.90,17.562,-27.762,1.725,150,16,19,,
T,2026-07-18 18:09:00.000,26.41059167,-80.16121167,1.80,17.562,-27.762,1.552,140,16,19,,
T,2026-07-18 18:09:01.000,26.41058833,-80.16120667,1.80,17.762,-27.762,1.402,125,16,19,,
T,2026-07-18 18:09:02.000,26.41058667,-80.16120167,1.80,17.862,-27.762,1.261,127,16,19,,
T,2026-07-18 18:09:03.000,26.41058333,-80.16119000,1.80,18.063,-27.763,1.143,118,16,19,,
T,2026-07-18 18:09:04.000,26.41058333,-80.16117833,1.80,18.063,-27.763,1.112,108,16,19,,
T,2026-07-18 18:09:05.000,26.41058333,-80.16115500,1.90,17.663,-27.763,1.111,104,16,19,,
T,2026-07-18 18:09:06.000,26.41057500,-80.16112833,1.80,17.763,-27.763,1.159,109,16,19,,
T,2026-07-18 18:09:07.000,26.41057000,-80.16110500,1.80,18.363,-27.763,1.242,100,16,19,,
T,2026-07-18 18:09:08.000,26.41056667,-80.16108333,1.80,18.463,-27.763,1.277,100,16,19,,
T,2026-07-18 18:09:09.000,26.41056167,-80.16106833,1.90,18.663,-27.763,1.270,102,16,19,,
T,2026-07-18 18:09:10.000,26.41056167,-80.16106000,1.90,19.163,-27.763,1.270,95,16,19,,
T,2026-07-18 18:09:11.000,26.41056000,-80.16105667,1.80,20.163,-27.763,1.238,77,16,19,,
T,2026-07-18 18:09:12.000,26.41056167,-80.16105500,1.80,21.063,-27.763,1.213,54,16,19,,
T,2026-07-18 18:09:13.000,26.41056000,-80.16105500,1.70,21.663,-27.763,1.152,141,16,19,,
T,2026-07-18 18:09:14.000,26.41056333,-80.16105333,1.70,21.863,-27.763,1.024,140,16,19,,
T,2026-07-18 18:09:15.000,26.41057000,-80.16105000,1.70,22.263,-27.763,0.862,12,16,19,,
T,2026-07-18 18:09:16.000,26.41057167,-80.16104833,1.70,22.463,-27.763,0.689,14,16,19,,
T,2026-07-18 18:09:17.000,26.41057000,-80.16105000,1.70,22.563,-27.763,0.500,13,16,19,,
T,2026-07-18 18:09:18.000,26.41056500,-80.16105000,1.70,22.863,-27.763,0.445,12,16,19,,
T,2026-07-18 18:09:19.000,26.41057167,-80.16104833,1.70,23.763,-27.763,0.398,25,16,19,,
T,2026-07-18 18:09:20.000,26.41057500,-80.16104500,1.70,24.563,-27.763,0.359,24,16,19,,
T,2026-07-18 18:09:21.000,26.41058167,-80.16104333,1.70,25.163,-27.763,0.000,,16,19,,
T,2026-07-18 18:09:22.000,26.41058500,-80.16104000,1.70,25.763,-27.763,0.000,,16,19,,
T,2026-07-18 18:09:23.000,26.41059000,-80.16104000,1.70,25.763,-27.763,0.000,,16,19,,
T,2026-07-18 18:09:24.000,26.41059000,-80.16104000,1.60,25.763,-27.763,0.000,,16,19,,
T,2026-07-18 18:09:25.000,26.41059000,-80.16104000,1.60,25.763,-27.763,0.000,,16,19,,
T,2026-07-18 18:09:26.000,26.41059000,-80.16104000,1.50,25.763,-27.763,0.000,,15,19,,
T,2026-07-18 18:09:27.000,26.41059000,-80.16104000,1.50,25.763,-27.763,0.000,,15,19,,
T,2026-07-18 18:09:28.000,26.41059000,-80.16104000,1.50,25.763,-27.763,0.000,,15,19,,
