type,date time,latitude,longitude,accuracy(m),altitude(m),geoid_height(m),speed(m/s),bearing(deg),sat_used,sat_inview,name,desc
W,2026-07-18 16:50:25.000,26.41607333,-80.16456500,1.60,28.052,-27.752,0.000,,14,18,,Garbage
W,2026-07-18 17:06:28.000,26.41656833,-80.17012167,1.40,16.629,-27.729,0.000,,14,16,,Site3
T,2026-07-18 16:50:25.000,26.41607333,-80.16456500,1.60,28.052,-27.752,0.000,,14,18,20260718-125025,GPS Logger: 20260718-125025 - Garbage-ST-3
T,2026-07-18 16:50:26.000,26.41607333,-80.16456500,1.60,28.052,-27.752,0.000,,14,18,,
T,2026-07-18 16:50:27.000,26.41607333,-80.16456500,1.60,28.052,-27.752,0.000,,14,18,,
T,2026-07-18 16:50:28.000,26.41607333,-80.16456500,1.60,28.052,-27.752,0.000,,13,18,,
T,2026-07-18 16:50:29.000,26.41607333,-80.16456500,1.60,28.052,-27.752,0.000,,13,18,,
T,2026-07-18 16:50:30.000,26.41607333,-80.16456500,1.60,28.052,-27.752,0.000,,13,18,,
T,2026-07-18 16:50:31.000,26.41607333,-80.16456500,1.70,28.052,-27.752,0.000,,13,18,,
T,2026-07-18 16:50:32.000,26.41607333,-80.16456500,1.70,28.052,-27.752,0.000,,13,18,,
T,2026-07-18 16:50:33.000,26.41607333,-80.16456500,1.80,28.052,-27.752,0.000,,14,18,,
T,2026-07-18 16:50:34.000,26.41607333,-80.16456500,1.80,28.052,-27.752,0.000,,14,18,,
T,2026-07-18 16:50:35.000,26.41607333,-80.16456500,1.80,28.052,-27.752,0.000,,14,18,,
T,2026-07-18 16:50:36.000,26.41607333,-80.16456500,1.80,28.052,-27.752,0.000,,14,18,,
T,2026-07-18 16:50:37.000,26.41607333,-80.16456500,1.80,28.052,-27.752,0.000,,14,18,,
T,2026-07-18 16:50:38.000,26.41607333,-80.16456500,1.80,28.052,-27.752,0.000,,14,18,,
T,2026-07-18 16:50:39.000,26.41607000,-80.16454167,1.90,26.752,-27.752,0.263,36,14,18,,
T,2026-07-18 16:50:40.000,26.41606833,-80.16454000,1.90,26.052,-27.752,0.000,,14,18,,
T,2026-07-18 16:50:41.000,26.41606667,-80.16454167,1.90,25.352,-27.752,0.000,,14,18,,
T,2026-07-18 16:50:42.000,26.41606333,-80.16454333,1.90,24.752,-27.752,0.000,,14,18,,
T,2026-07-18 16:50:43.000,26.41606333,-80.16454333,1.90,24.752,-27.752,0.000,,14,18,,
T,2026-07-18 16:50:44.000,26.41605500,-80.16454333,2.00,23.652,-27.752,0.000,,14,18,,
T,2026-07-18 16:50:45.000,26.41605667,-80.16454667,2.00,23.152,-27.752,0.429,163,14,18,,
T,2026-07-18 16:50:46.000,26.41604833,-80.16455000,2.00,22.852,-27.752,0.450,157,14,18,,
T,2026-07-18 16:50:47.000,26.41605167,-80.16455833,1.90,22.652,-27.752,0.435,184,14,18,,
T,2026-07-18 16:50:48.000,26.41605167,-80.16456667,1.90,22.552,-27.752,0.434,175,14,18,,
T,2026-07-18 16:50:49.000,26.41605000,-80.16457333,1.90,22.552,-27.752,0.000,,14,18,,
T,2026-07-18 16:50:50.000,26.41605000,-80.16458167,1.90,22.452,-27.752,0.000,,14,18,,
T,2026-07-18 16:50:51.000,26.41604833,-80.16458833,1.80,22.252,-27.752,0.000,,14,18,,
T,2026-07-18 16:50:52.000,26.41604833,-80.16459500,1.80,22.052,-27.752,0.367,300,14,18,,
T,2026-07-18 16:50:53.000,26.41604833,-80.16460167,1.70,21.851,-27.751,0.364,277,14,18,,
T,2026-07-18 16:50:54.000,26.41604833,-80.16460500,1.70,21.751,-27.751,0.353,298,13,18,,
T,2026-07-18 16:50:55.000,26.41604833,-80.16460500,1.70,21.651,-27.751,0.000,,13,18,,
T,2026-07-18 16:50:56.000,26.41604667,-80.16460667,1.70,21.551,-27.751,0.000,,13,18,,
T,2026-07-18 16:50:57.000,26.41604333,-80.16460667,1.70,21.851,-27.751,0.000,,12,18,,
T,2026-07-18 16:50:58.000,26.41604333,-80.16460667,1.70,21.851,-27.751,0.000,,12,18,,
T,2026-07-18 16:50:59.000,26.41604333,-80.16460667,1.70,21.851,-27.751,0.000,,12,18,,
T,2026-07-18 16:51:00.000,26.41604333,-80.16460667,1.70,21.851,-27.751,0.000,,13,18,,
T,2026-07-18 16:51:01.000,26.41604333,-80.16460667,1.70,21.851,-27.751,0.000,,13,18,,
T,2026-07-18 16:51:02.000,26.41604333,-80.16460667,1.70,21.851,-27.751,0.000,,13,18,,
T,2026-07-18 16:51:03.000,26.41604333,-80.16460667,1.70,21.851,-27.751,0.000,,13,18,,
T,2026-07-18 16:51:04.000,26.41604333,-80.16460667,1.70,21.851,-27.751,0.000,,13,18,,
T,2026-07-18 16:51:05.000,26.41604333,-80.16460667,1.70,21.851,-27.751,0.000,,13,18,,
T,2026-07-18 16:51:06.000,26.41604333,-80.16460667,1.70,21.851,-27.751,0.000,,13,18,,
T,2026-07-18 16:51:07.000,26.41604333,-80.16460667,1.70,21.851,-27.751,0.000,,13,18,,
T,2026-07-18 16:51:08.000,26.41604333,-80.16460667,1.70,21.851,-27.751,0.000,,13,18,,
T,2026-07-18 16:51:09.000,26.41604333,-80.16460667,1.70,21.851,-27.751,0.000,,13,18,,
T,2026-07-18 16:51:10.000,26.41604333,-80.16460667,1.70,21.851,-27.751,0.000,,13,18,,
T,2026-07-18 16:51:11.000,26.41604333,-80.16460667,1.70,21.851,-27.751,0.000,,13,18,,
T,2026-07-18 16:51:12.000,26.41604333,-80.16460667,1.70,21.851,-27.751,0.000,,13,18,,
T,2026-07-18 16:51:13.000,26.41604333,-80.16460667,1.70,21.851,-27.751,0.000,,13,18,,
T,2026-07-18 16:51:14.000,26.41604333,-80.16460667,1.70,21.851,-27.751,0.000,,13,18,,
T,2026-07-18 16:51:15.000,26.41604333,-80.16460667,1.70,21.851,-27.751,0.000,,12,18,,
T,2026-07-18 16:51:16.000,26.41607333,-80.16456667,1.80,20.152,-27.752,0.235,199,13,18,,
T,2026-07-18 16:51:17.000,26.41606833,-80.16456667,1.80,20.352,-27.752,0.273,251,13,18,,
T,2026-07-18 16:51:18.000,26.41606667,-80.16456667,1.80,20.452,-27.752,0.000,,13,18,,
T,2026-07-18 16:51:19.000,26.41606500,-80.16456667,1.70,20.052,-27.752,0.000,,13,18,,
T,2026-07-18 16:51:20.000,26.41605667,-80.16456500,1.70,20.352,-27.752,0.000,,13,18,,
T,2026-07-18 16:51:21.000,26.41605667,-80.16456500,1.80,20.352,-27.752,0.000,,13,18,,
T,2026-07-18 16:51:22.000,26.41605667,-80.16456500,1.80,20.352,-27.752,0.000,,13,18,,
T,2026-07-18 16:51:23.000,26.41605667,-80.16456500,1.90,20.352,-27.752,0.000,,13,18,,
T,2026-07-18 16:51:24.000,26.41605667,-80.16456500,2.00,20.352,-27.752,0.000,,13,18,,
T,2026-07-18 16:51:25.000,26.41605667,-80.16456500,2.00,20.352,-27.752,0.000,,13,18,,
T,2026-07-18 16:51:26.000,26.41605667,-80.16456500,2.10,20.352,-27.752,0.000,,13,18,,
T,2026-07-18 16:51:27.000,26.41605667,-80.16456500,2.20,20.352,-27.752,0.000,,13,18,,
T,2026-07-18 16:51:28.000,26.41605667,-80.16456500,2.10,20.352,-27.752,0.000,,13,18,,
T,2026-07-18 16:51:29.000,26.41605667,-80.16456500,2.10,20.352,-27.752,0.000,,12,18,,
T,2026-07-18 16:51:30.000,26.41606333,-80.16454000,2.10,17.852,-27.752,0.228,125,12,18,,
T,2026-07-18 16:51:31.000,26.41606667,-80.16453333,2.20,17.652,-27.752,0.258,106,12,18,,
T,2026-07-18 16:51:32.000,26.41606833,-80.16452833,2.20,17.452,-27.752,0.303,110,12,18,,
T,2026-07-18 16:51:33.000,26.41607500,-80.16452667,2.10,17.552,-27.752,0.346,109,12,18,,
T,2026-07-18 16:51:34.000,26.41608333,-80.16453167,2.10,17.352,-27.752,0.000,,12,18,,
T,2026-07-18 16:51:35.000,26.41608833,-80.16453667,2.10,17.652,-27.752,0.000,,12,18,,
T,2026-07-18 16:51:36.000,26.41609000,-80.16454333,2.00,17.652,-27.752,0.000,,12,18,,
T,2026-07-18 16:51:37.000,26.41609000,-80.16454333,2.00,17.652,-27.752,0.000,,12,18,,
T,2026-07-18 16:51:38.000,26.41609500,-80.16455500,2.10,17.152,-27.752,0.469,257,12,18,,
T,2026-07-18 16:51:39.000,26.41609833,-80.16455667,2.10,16.952,-27.752,0.474,255,12,18,,
T,2026-07-18 16:51:40.000,26.41609667,-80.16456333,2.10,16.452,-27.752,0.476,262,12,18,,
T,2026-07-18 16:51:41.000,26.41609667,-80.16457000,2.20,16.252,-27.752,0.485,263,12,18,,
T,2026-07-18 16:51:42.000,26.41609000,-80.16457667,2.20,16.052,-27.752,0.483,253,12,18,,
T,2026-07-18 16:51:43.000,26.41608333,-80.16458667,2.20,15.552,-27.752,0.492,245,12,18,,
T,2026-07-18 16:51:44.000,26.41608000,-80.16459667,2.20,15.352,-27.752,0.532,248,12,18,,
T,2026-07-18 16:51:45.000,26.41607167,-80.16459833,2.10,15.052,-27.752,0.537,220,12,18,,
T,2026-07-18 16:51:46.000,26.41607500,-80.16460000,2.00,14.452,-27.752,0.554,227,12,18,,
T,2026-07-18 16:51:47.000,26.41607500,-80.16459500,2.00,14.152,-27.752,0.524,218,13,18,,
T,2026-07-18 16:51:48.000,26.41607500,-80.16459167,1.90,14.152,-27.752,0.478,181,13,18,,
T,2026-07-18 16:51:49.000,26.41607500,-80.16458833,1.90,14.152,-27.752,0.442,147,13,18,,
T,2026-07-18 16:51:50.000,26.41607667,-80.16458167,1.90,14.152,-27.752,0.415,99,13,18,,
T,2026-07-18 16:51:51.000,26.41608333,-80.16458167,1.80,13.952,-27.752,0.000,,13,18,,
T,2026-07-18 16:51:52.000,26.41608333,-80.16458000,1.70,13.952,-27.752,0.000,,13,18,,
T,2026-07-18 16:51:53.000,26.41608667,-80.16458000,1.70,13.952,-27.752,0.000,,13,18,,
T,2026-07-18 16:51:54.000,26.41608667,-80.16458000,1.80,13.952,-27.752,0.000,,13,18,,
T,2026-07-18 16:51:55.000,26.41608667,-80.16458000,1.80,13.952,-27.752,0.000,,13,18,,
T,2026-07-18 16:51:56.000,26.41608667,-80.16458000,1.80,13.952,-27.752,0.000,,13,18,,
T,2026-07-18 16:51:57.000,26.41608667,-80.16458000,1.80,13.952,-27.752,0.000,,13,18,,
T,2026-07-18 16:51:58.000,26.41608667,-80.16458000,1.80,13.952,-27.752,0.000,,13,18,,
T,2026-07-18 16:51:59.000,26.41608667,-80.16458000,1.80,13.952,-27.752,0.000,,13,18,,
T,2026-07-18 16:52:00.000,26.41608667,-80.16458000,1.80,13.952,-27.752,0.000,,13,18,,
T,2026-07-18 16:52:01.000,26.41608667,-80.16458000,1.80,13.952,-27.752,0.000,,13,18,,
T,2026-07-18 16:52:02.000,26.41608667,-80.16458000,1.80,13.952,-27.752,0.000,,13,18,,
T,2026-07-18 16:52:03.000,26.41608667,-80.16458000,1.80,13.952,-27.752,0.000,,13,18,,
T,2026-07-18 16:52:04.000,26.41608667,-80.16458000,1.80,13.952,-27.752,0.000,,13,18,,
T,2026-07-18 16:52:05.000,26.41608667,-80.16458000,1.80,13.952,-27.752,0.000,,13,18,,
T,2026-07-18 16:52:06.000,26.41608667,-80.16458000,1.80,13.952,-27.752,0.000,,13,18,,
T,2026-07-18 16:52:07.000,26.41608667,-80.16458000,1.80,13.952,-27.752,0.000,,13,18,,
T,2026-07-18 16:52:08.000,26.41608667,-80.16458000,1.80,13.952,-27.752,0.000,,13,18,,
T,2026-07-18 16:52:09.000,26.41608667,-80.16458000,1.80,13.952,-27.752,0.000,,13,18,,
T,2026-07-18 16:52:10.000,26.41608667,-80.16458000,1.90,13.952,-27.752,0.000,,13,18,,
T,2026-07-18 16:52:11.000,26.41608667,-80.16458000,1.90,13.952,-27.752,0.000,,13,18,,
T,2026-07-18 16:52:12.000,26.41608667,-80.16458000,1.90,13.952,-27.752,0.000,,13,18,,
T,2026-07-18 16:52:13.000,26.41608667,-80.16458000,1.90,13.952,-27.752,0.000,,13,18,,
T,2026-07-18 16:52:14.000,26.41608667,-80.16458000,1.90,13.952,-27.752,0.000,,13,18,,
T,2026-07-18 16:52:15.000,26.41608667,-80.16458000,1.90,13.952,-27.752,0.000,,13,18,,
T,2026-07-18 16:52:16.000,26.41608667,-80.16458000,1.80,13.952,-27.752,0.000,,13,18,,
T,2026-07-18 16:52:17.000,26.41608667,-80.16458000,1.80,13.952,-27.752,0.000,,13,18,,
T,2026-07-18 16:52:18.000,26.41608667,-80.16458000,1.80,13.952,-27.752,0.000,,13,18,,
T,2026-07-18 16:52:19.000,26.41608667,-80.16458000,1.80,13.952,-27.752,0.000,,13,18,,
T,2026-07-18 16:52:20.000,26.41608667,-80.16458000,1.70,13.952,-27.752,0.000,,13,18,,
T,2026-07-18 16:52:21.000,26.41608667,-80.16458000,1.70,13.952,-27.752,0.000,,13,18,,
T,2026-07-18 16:52:22.000,26.41608667,-80.16458000,1.70,13.952,-27.752,0.000,,13,18,,
T,2026-07-18 16:52:23.000,26.41608667,-80.16458000,1.80,13.952,-27.752,0.000,,13,18,,
T,2026-07-18 16:52:24.000,26.41608667,-80.16458000,1.80,13.952,-27.752,0.000,,13,18,,
T,2026-07-18 16:52:25.000,26.41608667,-80.16458000,1.80,13.952,-27.752,0.000,,13,18,,
T,2026-07-18 16:52:26.000,26.41608667,-80.16458000,1.80,13.952,-27.752,0.000,,13,18,,
T,2026-07-18 16:52:27.000,26.41608667,-80.16458000,1.80,13.952,-27.752,0.000,,13,18,,
T,2026-07-18 16:52:28.000,26.41608667,-80.16458000,1.80,13.952,-27.752,0.000,,12,18,,
T,2026-07-18 16:52:29.000,26.41608667,-80.16458000,1.80,13.952,-27.752,0.000,,12,18,,
T,2026-07-18 16:52:30.000,26.41608667,-80.16458000,1.70,13.952,-27.752,0.000,,12,18,,
T,2026-07-18 16:52:31.000,26.41608667,-80.16458000,1.60,13.952,-27.752,0.000,,12,18,,
T,2026-07-18 16:52:32.000,26.41608667,-80.16458000,1.60,13.952,-27.752,0.000,,12,18,,
T,2026-07-18 16:52:33.000,26.41608667,-80.16458000,1.60,13.952,-27.752,0.000,,12,18,,
T,2026-07-18 16:52:34.000,26.41608667,-80.16458000,1.60,13.952,-27.752,0.000,,12,18,,
T,2026-07-18 16:52:35.000,26.41608667,-80.16458000,1.60,13.952,-27.752,0.000,,13,18,,
T,2026-07-18 16:52:36.000,26.41608667,-80.16458000,1.60,13.952,-27.752,0.000,,13,18,,
T,2026-07-18 16:52:37.000,26.41608667,-80.16458000,1.60,13.952,-27.752,0.000,,13,18,,
T,2026-07-18 16:52:38.000,26.41608667,-80.16458000,1.60,13.952,-27.752,0.000,,13,18,,
T,2026-07-18 16:52:39.000,26.41608667,-80.16458000,1.60,13.952,-27.752,0.000,,13,18,,
T,2026-07-18 16:52:40.000,26.41608667,-80.16458000,1.60,13.952,-27.752,0.000,,13,18,,
T,2026-07-18 16:52:41.000,26.41608667,-80.16458000,1.60,13.952,-27.752,0.000,,13,18,,
T,2026-07-18 16:52:42.000,26.41608667,-80.16458000,1.60,13.952,-27.752,0.000,,13,18,,
T,2026-07-18 16:52:43.000,26.41608667,-80.16458000,1.60,13.952,-27.752,0.000,,13,18,,
T,2026-07-18 16:52:44.000,26.41608667,-80.16458000,1.70,13.952,-27.752,0.000,,13,18,,
T,2026-07-18 16:52:45.000,26.41608667,-80.16458000,1.70,13.952,-27.752,0.000,,13,18,,
T,2026-07-18 16:52:46.000,26.41608667,-80.16458000,1.70,13.952,-27.752,0.000,,13,18,,
T,2026-07-18 16:52:47.000,26.41608667,-80.16458000,1.70,13.952,-27.752,0.000,,13,18,,
T,2026-07-18 16:52:48.000,26.41608667,-80.16458000,1.70,13.952,-27.752,0.000,,13,18,,
T,2026-07-18 16:52:49.000,26.41608667,-80.16458000,1.70,13.952,-27.752,0.000,,13,18,,
T,2026-07-18 16:52:50.000,26.41608667,-80.16458000,1.70,13.952,-27.752,0.000,,13,18,,
T,2026-07-18 16:52:51.000,26.41608667,-80.16458000,1.70,13.952,-27.752,0.000,,13,18,,
T,2026-07-18 16:52:52.000,26.41608667,-80.16458000,1.60,13.952,-27.752,0.000,,13,18,,
T,2026-07-18 16:52:53.000,26.41608667,-80.16458000,1.60,13.952,-27.752,0.000,,12,18,,
T,2026-07-18 16:52:54.000,26.41608667,-80.16458000,1.60,13.952,-27.752,0.000,,11,18,,
T,2026-07-18 16:52:55.000,26.41608667,-80.16458000,1.60,13.952,-27.752,0.000,,11,18,,
T,2026-07-18 16:52:56.000,26.41608667,-80.16458000,1.60,13.952,-27.752,0.000,,13,18,,
T,2026-07-18 16:52:57.000,26.41608667,-80.16458000,1.60,13.952,-27.752,0.000,,13,18,,
T,2026-07-18 16:52:58.000,26.41608667,-80.16458000,1.70,13.952,-27.752,0.000,,13,18,,
T,2026-07-18 16:52:59.000,26.41608667,-80.16458000,1.70,13.952,-27.752,0.000,,13,18,,
T,2026-07-18 16:53:00.000,26.41608667,-80.16458000,1.80,13.952,-27.752,0.000,,13,18,,
T,2026-07-18 16:53:01.000,26.41608667,-80.16458000,1.80,13.952,-27.752,0.000,,13,18,,
T,2026-07-18 16:53:02.000,26.41608667,-80.16458000,1.70,13.952,-27.752,0.000,,13,18,,
T,2026-07-18 16:53:03.000,26.41608667,-80.16458000,1.70,13.952,-27.752,0.000,,13,18,,
T,2026-07-18 16:53:04.000,26.41608667,-80.16458000,1.70,13.952,-27.752,0.000,,13,18,,
T,2026-07-18 16:53:05.000,26.41608667,-80.16458000,1.70,13.952,-27.752,0.000,,13,18,,
T,2026-07-18 16:53:06.000,26.41608667,-80.16458000,1.70,13.952,-27.752,0.000,,13,18,,
T,2026-07-18 16:53:07.000,26.41608667,-80.16458000,1.70,13.952,-27.752,0.000,,13,18,,
T,2026-07-18 16:53:08.000,26.41608667,-80.16458000,1.70,13.952,-27.752,0.000,,13,18,,
T,2026-07-18 16:53:09.000,26.41608667,-80.16458000,1.70,13.952,-27.752,0.000,,13,18,,
T,2026-07-18 16:53:10.000,26.41608667,-80.16458000,1.70,13.952,-27.752,0.000,,13,18,,
T,2026-07-18 16:53:11.000,26.41608667,-80.16458000,1.80,13.952,-27.752,0.000,,13,18,,
T,2026-07-18 16:53:12.000,26.41608667,-80.16458000,1.80,13.952,-27.752,0.000,,13,18,,
T,2026-07-18 16:53:13.000,26.41608667,-80.16458000,1.90,13.952,-27.752,0.000,,13,18,,
T,2026-07-18 16:53:14.000,26.41606667,-80.16463333,1.90,13.151,-27.751,0.292,235,13,18,,
T,2026-07-18 16:53:15.000,26.41606000,-80.16464167,1.90,13.151,-27.751,0.401,233,13,18,,
T,2026-07-18 16:53:16.000,26.41605667,-80.16465333,1.90,13.051,-27.751,0.561,243,13,18,,
T,2026-07-18 16:53:17.000,26.41605167,-80.16465667,1.90,12.751,-27.751,0.667,230,13,18,,
T,2026-07-18 16:53:18.000,26.41604333,-80.16466167,1.90,13.051,-27.751,0.718,222,14,18,,
T,2026-07-18 16:53:19.000,26.41603000,-80.16466667,2.00,12.851,-27.751,0.808,216,14,18,,
T,2026-07-18 16:53:20.000,26.41601833,-80.16467167,2.10,13.151,-27.751,0.929,215,14,18,,
T,2026-07-18 16:53:21.000,26.41600333,-80.16467667,2.10,13.151,-27.751,1.021,234,14,18,,
T,2026-07-18 16:53:22.000,26.41599167,-80.16468833,2.20,13.151,-27.751,1.076,241,14,18,,
T,2026-07-18 16:53:23.000,26.41598333,-80.16470333,2.10,13.251,-27.751,1.088,26,14,18,,
T,2026-07-18 16:53:24.000,26.41598167,-80.16470667,2.10,13.051,-27.751,1.037,24,14,18,,
T,2026-07-18 16:53:25.000,26.41597833,-80.16471333,2.10,13.351,-27.751,0.931,188,14,18,,
T,2026-07-18 16:53:26.000,26.41596333,-80.16471500,2.00,13.251,-27.751,0.846,130,14,18,,
T,2026-07-18 16:53:27.000,26.41595333,-80.16471167,2.00,13.151,-27.751,0.850,136,14,18,,
T,2026-07-18 16:53:28.000,26.41593667,-80.16471000,2.00,13.151,-27.751,0.916,137,14,18,,
T,2026-07-18 16:53:29.000,26.41592500,-80.16470333,2.10,12.751,-27.751,0.958,143,14,18,,
T,2026-07-18 16:53:30.000,26.41591333,-80.16470000,2.10,12.651,-27.751,0.938,175,14,18,,
T,2026-07-18 16:53:31.000,26.41589833,-80.16470167,1.90,13.351,-27.751,0.985,177,14,18,,
T,2026-07-18 16:53:32.000,26.41588167,-80.16470000,1.90,13.751,-27.751,1.070,176,13,18,,
T,2026-07-18 16:53:33.000,26.41586333,-80.16469833,1.80,14.751,-27.751,1.143,179,14,18,,
T,2026-07-18 16:53:34.000,26.41584667,-80.16469833,1.80,14.651,-27.751,1.270,178,14,18,,
T,2026-07-18 16:53:35.000,26.41583167,-80.16469833,1.80,14.951,-27.751,1.449,182,14,18,,
T,2026-07-18 16:53:36.000,26.41581500,-80.16469500,1.80,15.351,-27.751,1.551,197,14,18,,
T,2026-07-18 16:53:37.000,26.41579833,-80.16469833,1.80,15.451,-27.751,1.649,190,14,18,,
T,2026-07-18 16:53:38.000,26.41577833,-80.16469833,1.70,15.851,-27.751,1.785,183,14,18,,
T,2026-07-18 16:53:39.000,26.41575833,-80.16469833,1.80,15.651,-27.751,1.903,178,14,18,,
T,2026-07-18 16:53:40.000,26.41573333,-80.16470167,1.80,15.151,-27.751,2.029,180,14,18,,
T,2026-07-18 16:53:41.000,26.41571000,-80.16470167,1.80,14.851,-27.751,2.135,179,14,18,,
T,2026-07-18 16:53:42.000,26.41568667,-80.16470333,1.80,14.451,-27.751,2.222,173,14,18,,
T,2026-07-18 16:53:43.000,26.41566333,-80.16470167,1.80,14.051,-27.751,2.362,174,14,18,,
T,2026-07-18 16:53:44.000,26.41564167,-80.16469833,1.90,13.251,-27.751,2.426,170,14,18,,
T,2026-07-18 16:53:45.000,26.41562500,-80.16469333,2.00,13.151,-27.751,2.438,164,14,18,,
T,2026-07-18 16:53:46.000,26.41560000,-80.16468833,1.90,13.451,-27.751,2.501,166,14,18,,
T,2026-07-18 16:53:47.000,26.41558000,-80.16468333,1.90,13.551,-27.751,2.520,168,14,18,,
T,2026-07-18 16:53:48.000,26.41556000,-80.16467833,2.00,13.451,-27.751,2.489,171,14,18,,
T,2026-07-18 16:53:49.000,26.41554000,-80.16467167,1.90,12.851,-27.751,2.478,161,14,18,,
T,2026-07-18 16:53:50.000,26.41552000,-80.16466167,1.90,12.251,-27.751,2.496,155,14,18,,
T,2026-07-18 16:53:51.000,26.41549167,-80.16465000,1.90,11.651,-27.751,2.528,160,14,18,,
T,2026-07-18 16:53:52.000,26.41546500,-80.16464000,1.90,10.951,-27.751,2.543,153,14,18,,
T,2026-07-18 16:53:53.000,26.41544000,-80.16462667,2.10,10.351,-27.751,2.542,154,14,18,,
T,2026-07-18 16:53:54.000,26.41541500,-80.16460667,1.90,9.551,-27.751,2.596,152,14,18,,
T,2026-07-18 16:53:55.000,26.41539167,-80.16459000,1.80,8.451,-27.751,2.679,147,14,18,,
T,2026-07-18 16:53:56.000,26.41537000,-80.16457167,1.80,7.551,-27.751,2.720,148,14,18,,
T,2026-07-18 16:53:57.000,26.41535000,-80.16454833,1.80,6.651,-27.751,2.809,140,14,18,,
T,2026-07-18 16:53:58.000,26.41532500,-80.16452333,1.90,6.451,-27.751,2.918,133,14,18,,
T,2026-07-18 16:53:59.000,26.41530333,-80.16449833,2.10,6.452,-27.752,3.006,133,14,18,,
T,2026-07-18 16:54:00.000,26.41528333,-80.16447500,2.20,6.252,-27.752,3.065,131,14,18,,
T,2026-07-18 16:54:01.000,26.41526333,-80.16445333,2.30,6.452,-27.752,3.077,133,14,18,,
T,2026-07-18 16:54:02.000,26.41524667,-80.16443000,2.40,6.852,-27.752,3.135,125,14,18,,
T,2026-07-18 16:54:03.000,26.41523333,-80.16440333,2.40,7.152,-27.752,3.172,124,14,18,,
T,2026-07-18 16:54:04.000,26.41522167,-80.16437167,2.40,7.952,-27.752,3.210,117,14,18,,
T,2026-07-18 16:54:05.000,26.41521333,-80.16434167,2.40,8.552,-27.752,3.220,110,14,18,,
T,2026-07-18 16:54:06.000,26.41520333,-80.16431167,2.40,8.752,-27.752,3.227,109,14,18,,
T,2026-07-18 16:54:07.000,26.41519833,-80.16428333,2.40,9.052,-27.752,3.195,102,14,18,,
T,2026-07-18 16:54:08.000,26.41519333,-80.16425333,2.10,9.352,-27.752,3.173,104,14,18,,
T,2026-07-18 16:54:09.000,26.41518667,-80.16422333,1.90,9.553,-27.753,3.139,102,14,18,,
T,2026-07-18 16:54:10.000,26.41518167,-80.16419167,2.10,10.053,-27.753,3.103,100,14,18,,
T,2026-07-18 16:54:11.000,26.41517833,-80.16416333,2.20,10.153,-27.753,3.072,95,14,18,,
T,2026-07-18 16:54:12.000,26.41517833,-80.16414000,2.00,9.753,-27.753,3.020,94,14,18,,
T,2026-07-18 16:54:13.000,26.41517167,-80.16410833,1.90,9.053,-27.753,3.031,84,14,18,,
T,2026-07-18 16:54:14.000,26.41517333,-80.16407667,1.90,9.153,-27.753,3.000,85,14,18,,
T,2026-07-18 16:54:15.000,26.41517333,-80.16404667,2.10,9.453,-27.753,2.988,87,14,18,,
T,2026-07-18 16:54:16.000,26.41517500,-80.16401833,2.20,9.353,-27.753,2.984,83,14,18,,
T,2026-07-18 16:54:17.000,26.41518000,-80.16399000,1.90,8.954,-27.754,2.979,89,13,18,,
T,2026-07-18 16:54:18.000,26.41518500,-80.16396667,1.80,8.854,-27.754,2.932,72,14,18,,
T,2026-07-18 16:54:19.000,26.41519500,-80.16394333,1.80,9.154,-27.754,2.869,70,14,18,,
T,2026-07-18 16:54:20.000,26.41520333,-80.16392333,1.80,9.054,-27.754,2.786,71,14,18,,
T,2026-07-18 16:54:21.000,26.41521000,-80.16390000,1.80,9.154,-27.754,2.687,75,14,18,,
T,2026-07-18 16:54:22.000,26.41521500,-80.16388333,1.80,9.254,-27.754,2.579,80,14,18,,
T,2026-07-18 16:54:23.000,26.41522000,-80.16386667,1.80,8.954,-27.754,2.400,82,14,18,,
T,2026-07-18 16:54:24.000,26.41522500,-80.16385333,1.80,8.854,-27.754,2.234,79,14,18,,
T,2026-07-18 16:54:25.000,26.41523000,-80.16384333,1.80,8.954,-27.754,2.030,85,14,18,,
T,2026-07-18 16:54:26.000,26.41523333,-80.16383167,1.80,8.854,-27.754,1.830,91,14,18,,
T,2026-07-18 16:54:27.000,26.41523000,-80.16381833,1.80,9.154,-27.754,1.666,93,14,18,,
T,2026-07-18 16:54:28.000,26.41522667,-80.16381000,1.70,9.154,-27.754,1.508,118,14,18,,
T,2026-07-18 16:54:29.000,26.41521167,-80.16379333,1.70,9.254,-27.754,1.443,149,13,18,,
T,2026-07-18 16:54:30.000,26.41519000,-80.16377667,1.80,8.954,-27.754,1.426,143,13,18,,
T,2026-07-18 16:54:31.000,26.41517167,-80.16376500,1.80,8.754,-27.754,1.442,140,14,18,,
T,2026-07-18 16:54:32.000,26.41515000,-80.16375000,1.90,8.655,-27.755,1.483,150,14,18,,
T,2026-07-18 16:54:33.000,26.41513500,-80.16374167,1.80,8.455,-27.755,1.429,148,14,18,,
T,2026-07-18 16:54:34.000,26.41513333,-80.16373167,1.80,8.555,-27.755,1.322,97,13,18,,
T,2026-07-18 16:54:35.000,26.41513333,-80.16372500,1.70,8.755,-27.755,1.241,93,14,18,,
T,2026-07-18 16:54:36.000,26.41513333,-80.16372000,1.60,8.555,-27.755,1.152,147,14,18,,
T,2026-07-18 16:54:37.000,26.41513333,-80.16371500,1.60,8.355,-27.755,1.037,132,14,18,,
T,2026-07-18 16:54:38.000,26.41513333,-80.16371167,1.50,8.055,-27.755,0.933,351,14,18,,
T,2026-07-18 16:54:39.000,26.41513500,-80.16371000,1.50,7.855,-27.755,0.766,12,14,18,,
T,2026-07-18 16:54:40.000,26.41513500,-80.16371000,1.50,7.655,-27.755,0.572,106,15,18,,
T,2026-07-18 16:54:41.000,26.41513333,-80.16370833,1.50,7.355,-27.755,0.000,,15,18,,
T,2026-07-18 16:54:42.000,26.41513333,-80.16370833,1.50,7.355,-27.755,0.000,,15,18,,
T,2026-07-18 16:54:43.000,26.41512833,-80.16370833,1.50,7.255,-27.755,0.000,,15,18,,
T,2026-07-18 16:54:44.000,26.41512167,-80.16370833,1.50,7.355,-27.755,0.195,160,15,18,,
T,2026-07-18 16:54:45.000,26.41511167,-80.16370500,1.60,7.355,-27.755,0.323,154,15,18,,
T,2026-07-18 16:54:46.000,26.41509167,-80.16369667,1.70,7.355,-27.755,0.566,153,15,18,,
T,2026-07-18 16:54:47.000,26.41506500,-80.16368833,1.70,7.455,-27.755,0.788,150,15,18,,
T,2026-07-18 16:54:48.000,26.41504333,-80.16367833,1.70,7.655,-27.755,1.026,153,15,18,,
T,2026-07-18 16:54:49.000,26.41502000,-80.16366167,1.70,7.555,-27.755,1.282,153,15,18,,
T,2026-07-18 16:54:50.000,26.41499667,-80.16364167,1.70,7.555,-27.755,1.560,146,15,18,,
T,2026-07-18 16:54:51.000,26.41497167,-80.16362667,1.70,7.855,-27.755,1.851,148,15,18,,
T,2026-07-18 16:54:52.000,26.41494667,-80.16361000,1.80,7.755,-27.755,2.122,145,15,18,,
T,2026-07-18 16:54:53.000,26.41492167,-80.16359333,2.00,7.755,-27.755,2.392,149,15,18,,
T,2026-07-18 16:54:54.000,26.41489833,-80.16357833,2.10,7.755,-27.755,2.632,145,15,18,,
T,2026-07-18 16:54:55.000,26.41487667,-80.16356167,2.20,7.755,-27.755,2.793,148,15,18,,
T,2026-07-18 16:54:56.000,26.41485667,-80.16354500,2.30,7.855,-27.755,2.815,154,15,18,,
T,2026-07-18 16:54:57.000,26.41484000,-80.16353333,2.00,7.355,-27.755,2.822,159,15,18,,
T,2026-07-18 16:54:58.000,26.41483333,-80.16352833,1.80,6.755,-27.755,2.703,146,15,18,,
T,2026-07-18 16:54:59.000,26.41482667,-80.16352333,1.70,6.855,-27.755,2.511,158,15,18,,
T,2026-07-18 16:55:00.000,26.41482500,-80.16352000,1.60,6.655,-27.755,2.280,158,15,18,,
T,2026-07-18 16:55:01.000,26.41482667,-80.16352000,1.60,6.455,-27.755,1.994,139,15,18,,
T,2026-07-18 16:55:02.000,26.41482500,-80.16352000,1.50,6.455,-27.755,1.695,195,14,18,,
T,2026-07-18 16:55:03.000,26.41482333,-80.16352000,1.50,6.455,-27.755,1.384,167,14,18,,
T,2026-07-18 16:55:04.000,26.41482000,-80.16352167,1.40,6.555,-27.755,1.114,158,14,18,,
T,2026-07-18 16:55:05.000,26.41481167,-80.16352000,1.50,6.555,-27.755,0.908,167,14,17,,
T,2026-07-18 16:55:06.000,26.41479833,-80.16351667,1.50,6.755,-27.755,0.794,170,14,17,,
T,2026-07-18 16:55:07.000,26.41478333,-80.16351833,1.60,6.755,-27.755,0.717,171,14,17,,
T,2026-07-18 16:55:08.000,26.41476500,-80.16351667,1.60,6.655,-27.755,0.764,178,14,17,,
T,2026-07-18 16:55:09.000,26.41474833,-80.16351833,1.70,6.555,-27.755,0.826,186,14,17,,
T,2026-07-18 16:55:10.000,26.41473500,-80.16352000,1.70,6.455,-27.755,0.921,189,14,17,,
T,2026-07-18 16:55:11.000,26.41471833,-80.16352500,1.70,6.155,-27.755,1.083,202,14,17,,
T,2026-07-18 16:55:12.000,26.41470167,-80.16353333,1.70,5.855,-27.755,1.288,200,14,17,,
T,2026-07-18 16:55:13.000,26.41468500,-80.16354333,1.70,5.955,-27.755,1.483,206,14,17,,
T,2026-07-18 16:55:14.000,26.41466667,-80.16355500,1.70,6.155,-27.755,1.641,209,14,17,,
T,2026-07-18 16:55:15.000,26.41465000,-80.16356333,1.70,6.455,-27.755,1.762,205,14,17,,
T,2026-07-18 16:55:16.000,26.41463167,-80.16357500,1.70,6.455,-27.755,1.824,209,14,17,,
T,2026-07-18 16:55:17.000,26.41461333,-80.16358667,1.70,6.955,-27.755,1.857,210,14,17,,
T,2026-07-18 16:55:18.000,26.41459667,-80.16359500,1.70,7.155,-27.755,1.852,205,14,17,,
T,2026-07-18 16:55:19.000,26.41458000,-80.16360500,1.70,7.555,-27.755,1.927,206,14,17,,
T,2026-07-18 16:55:20.000,26.41457000,-80.16361667,1.60,7.855,-27.755,1.911,212,14,17,,
T,2026-07-18 16:55:21.000,26.41456167,-80.16362500,1.60,7.855,-27.755,1.852,222,14,17,,
T,2026-07-18 16:55:22.000,26.41455333,-80.16363667,1.60,7.755,-27.755,1.786,236,14,17,,
T,2026-07-18 16:55:23.000,26.41454667,-80.16365000,1.60,7.455,-27.755,1.730,246,14,17,,
T,2026-07-18 16:55:24.000,26.41454167,-80.16366667,1.60,7.355,-27.755,1.701,251,14,17,,
T,2026-07-18 16:55:25.000,26.41453833,-80.16368500,1.60,7.154,-27.754,1.657,256,14,17,,
T,2026-07-18 16:55:26.000,26.41453833,-80.16370167,1.60,7.054,-27.754,1.612,271,14,17,,
T,2026-07-18 16:55:27.000,26.41454000,-80.16371667,1.70,6.554,-27.754,1.559,274,14,17,,
T,2026-07-18 16:55:28.000,26.41454333,-80.16373333,1.80,6.454,-27.754,1.576,286,14,17,,
T,2026-07-18 16:55:29.000,26.41455000,-80.16375333,1.80,6.354,-27.754,1.565,286,14,17,,
T,2026-07-18 16:55:30.000,26.41455500,-80.16377000,1.70,6.554,-27.754,1.606,285,14,17,,
T,2026-07-18 16:55:31.000,26.41456000,-80.16378833,1.70,6.454,-27.754,1.622,284,14,17,,
T,2026-07-18 16:55:32.000,26.41456667,-80.16381000,1.80,6.554,-27.754,1.649,291,14,17,,
T,2026-07-18 16:55:33.000,26.41457333,-80.16382833,1.80,6.254,-27.754,1.692,300,14,17,,
T,2026-07-18 16:55:34.000,26.41458000,-80.16384667,1.80,6.154,-27.754,1.730,292,14,17,,
T,2026-07-18 16:55:35.000,26.41458667,-80.16386500,1.80,6.154,-27.754,1.778,278,14,17,,
T,2026-07-18 16:55:36.000,26.41459167,-80.16388667,1.80,6.254,-27.754,1.802,295,14,17,,
T,2026-07-18 16:55:37.000,26.41459667,-80.16390500,1.80,6.154,-27.754,1.863,297,14,17,,
T,2026-07-18 16:55:38.000,26.41460333,-80.16392333,1.80,6.053,-27.753,1.877,303,14,17,,
T,2026-07-18 16:55:39.000,26.41461000,-80.16394333,1.80,5.753,-27.753,1.902,291,14,17,,
T,2026-07-18 16:55:40.000,26.41461167,-80.16396500,1.80,5.453,-27.753,1.945,289,14,17,,
T,2026-07-18 16:55:41.000,26.41461667,-80.16398500,1.80,5.553,-27.753,1.997,289,14,17,,
T,2026-07-18 16:55:42.000,26.41462167,-80.16400000,1.80,5.553,-27.753,1.943,282,14,17,,
T,2026-07-18 16:55:43.000,26.41463000,-80.16401667,1.80,5.553,-27.753,1.922,301,14,17,,
T,2026-07-18 16:55:44.000,26.41463667,-80.16403500,1.80,5.353,-27.753,1.918,287,14,17,,
T,2026-07-18 16:55:45.000,26.41464333,-80.16405500,1.80,5.453,-27.753,1.880,288,14,17,,
T,2026-07-18 16:55:46.000,26.41465000,-80.16407167,1.80,5.353,-27.753,1.854,292,14,17,,
T,2026-07-18 16:55:47.000,26.41465333,-80.16408833,1.80,5.353,-27.753,1.835,294,14,17,,
T,2026-07-18 16:55:48.000,26.41466167,-80.16410333,1.80,4.953,-27.753,1.833,293,14,17,,
T,2026-07-18 16:55:49.000,26.41467000,-80.16411833,1.80,5.353,-27.753,1.796,291,14,17,,
T,2026-07-18 16:55:50.000,26.41467833,-80.16414167,1.80,4.553,-27.753,1.800,293,14,17,,
T,2026-07-18 16:55:51.000,26.41468833,-80.16416667,1.80,3.953,-27.753,1.841,289,14,17,,
T,2026-07-18 16:55:52.000,26.41469833,-80.16418667,1.80,4.252,-27.752,1.900,302,14,17,,
T,2026-07-18 16:55:53.000,26.41470833,-80.16420167,1.90,4.552,-27.752,1.909,308,14,17,,
T,2026-07-18 16:55:54.000,26.41471667,-80.16421833,1.90,4.552,-27.752,1.869,311,14,17,,
T,2026-07-18 16:55:55.000,26.41472500,-80.16423667,1.80,4.852,-27.752,1.926,289,14,17,,
T,2026-07-18 16:55:56.000,26.41473000,-80.16426333,1.80,4.752,-27.752,2.029,287,14,17,,
T,2026-07-18 16:55:57.000,26.41474000,-80.16428667,1.80,5.252,-27.752,2.090,289,14,17,,
T,2026-07-18 16:55:58.000,26.41475167,-80.16431167,1.90,5.152,-27.752,2.167,290,14,17,,
T,2026-07-18 16:55:59.000,26.41476167,-80.16434000,1.90,5.152,-27.752,2.313,291,14,17,,
T,2026-07-18 16:56:00.000,26.41477500,-80.16436833,1.80,5.152,-27.752,2.429,297,14,17,,
T,2026-07-18 16:56:01.000,26.41478667,-80.16439667,2.00,5.152,-27.752,2.548,294,14,17,,
T,2026-07-18 16:56:02.000,26.41480333,-80.16442667,2.20,5.252,-27.752,2.698,299,14,17,,
T,2026-07-18 16:56:03.000,26.41482000,-80.16445833,2.30,5.351,-27.751,2.843,299,14,17,,
T,2026-07-18 16:56:04.000,26.41483500,-80.16448833,2.30,5.251,-27.751,3.010,297,14,17,,
T,2026-07-18 16:56:05.000,26.41485167,-80.16451500,2.30,5.251,-27.751,3.100,303,14,17,,
T,2026-07-18 16:56:06.000,26.41486667,-80.16454333,2.30,5.251,-27.751,3.145,308,14,17,,
T,2026-07-18 16:56:07.000,26.41488500,-80.16457000,2.30,5.451,-27.751,3.247,307,14,17,,
T,2026-07-18 16:56:08.000,26.41490500,-80.16459833,2.40,5.951,-27.751,3.343,305,14,17,,
T,2026-07-18 16:56:09.000,26.41492333,-80.16462833,2.40,6.351,-27.751,3.370,302,14,17,,
T,2026-07-18 16:56:10.000,26.41493667,-80.16465833,2.40,7.451,-27.751,3.360,294,14,17,,
T,2026-07-18 16:56:11.000,26.41494667,-80.16468667,2.50,8.251,-27.751,3.256,296,14,17,,
T,2026-07-18 16:56:12.000,26.41495500,-80.16471000,2.50,9.250,-27.750,3.122,283,14,17,,
T,2026-07-18 16:56:13.000,26.41496833,-80.16473833,2.20,10.250,-27.750,3.031,299,14,17,,
T,2026-07-18 16:56:14.000,26.41497833,-80.16476333,2.00,11.250,-27.750,2.971,299,14,17,,
T,2026-07-18 16:56:15.000,26.41499167,-80.16478833,1.90,12.250,-27.750,2.905,293,14,17,,
T,2026-07-18 16:56:16.000,26.41500500,-80.16481167,1.90,13.250,-27.750,2.843,297,14,17,,
T,2026-07-18 16:56:17.000,26.41501667,-80.16483333,1.80,14.050,-27.750,2.773,295,14,17,,
T,2026-07-18 16:56:18.000,26.41503000,-80.16485667,1.80,14.550,-27.750,2.700,296,14,17,,
T,2026-07-18 16:56:19.000,26.41504167,-80.16487500,1.80,14.350,-27.750,2.628,289,14,17,,
T,2026-07-18 16:56:20.000,26.41505333,-80.16490000,1.80,13.450,-27.750,2.568,290,14,17,,
T,2026-07-18 16:56:21.000,26.41506833,-80.16492833,1.90,12.450,-27.750,2.665,297,14,17,,
T,2026-07-18 16:56:22.000,26.41508667,-80.16496000,1.90,11.949,-27.749,2.826,295,14,17,,
T,2026-07-18 16:56:23.000,26.41509833,-80.16499333,2.10,11.949,-27.749,2.956,290,14,17,,
T,2026-07-18 16:56:24.000,26.41510833,-80.16502500,2.20,11.749,-27.749,3.023,291,14,17,,
T,2026-07-18 16:56:25.000,26.41511500,-80.16505000,2.30,11.149,-27.749,2.990,294,14,17,,
T,2026-07-18 16:56:26.000,26.41512000,-80.16507167,2.30,10.849,-27.749,2.943,291,14,17,,
T,2026-07-18 16:56:27.000,26.41512667,-80.16509667,1.90,9.649,-27.749,2.906,290,14,17,,
T,2026-07-18 16:56:28.000,26.41513333,-80.16512000,1.80,8.849,-27.749,2.878,289,14,17,,
T,2026-07-18 16:56:29.000,26.41514167,-80.16514333,1.70,8.049,-27.749,2.890,291,14,17,,
T,2026-07-18 16:56:30.000,26.41515500,-80.16517167,1.80,7.649,-27.749,2.978,293,14,17,,
T,2026-07-18 16:56:31.000,26.41516667,-80.16519833,1.80,6.549,-27.749,2.999,294,14,17,,
T,2026-07-18 16:56:32.000,26.41518000,-80.16523167,2.00,6.248,-27.748,3.030,295,14,17,,
T,2026-07-18 16:56:33.000,26.41519167,-80.16526667,2.20,5.848,-27.748,3.059,293,14,17,,
T,2026-07-18 16:56:34.000,26.41520500,-80.16529833,2.30,5.748,-27.748,3.088,301,14,17,,
T,2026-07-18 16:56:35.000,26.41521833,-80.16533000,2.30,5.948,-27.748,3.233,296,14,17,,
T,2026-07-18 16:56:36.000,26.41523167,-80.16536167,2.40,6.248,-27.748,3.333,302,14,17,,
T,2026-07-18 16:56:37.000,26.41524500,-80.16539167,2.40,6.448,-27.748,3.385,300,14,17,,
T,2026-07-18 16:56:38.000,26.41525667,-80.16542000,2.40,6.448,-27.748,3.418,297,14,17,,
T,2026-07-18 16:56:39.000,26.41527000,-80.16545167,2.00,6.948,-27.748,3.443,297,14,17,,
T,2026-07-18 16:56:40.000,26.41528500,-80.16548167,2.10,7.247,-27.747,3.430,298,14,17,,
T,2026-07-18 16:56:41.000,26.41530000,-80.16551167,2.20,7.647,-27.747,3.395,300,14,17,,
T,2026-07-18 16:56:42.000,26.41531167,-80.16553667,2.30,7.647,-27.747,3.274,297,14,17,,
T,2026-07-18 16:56:43.000,26.41532333,-80.16556333,2.40,7.547,-27.747,3.179,299,14,17,,
T,2026-07-18 16:56:44.000,26.41533667,-80.16559000,2.10,8.547,-27.747,3.088,300,14,17,,
T,2026-07-18 16:56:45.000,26.41534333,-80.16561333,1.90,8.647,-27.747,2.965,300,14,17,,
T,2026-07-18 16:56:46.000,26.41535333,-80.16563167,1.90,8.447,-27.747,2.872,295,14,17,,
T,2026-07-18 16:56:47.000,26.41536500,-80.16565000,1.90,8.747,-27.747,2.801,294,14,17,,
T,2026-07-18 16:56:48.000,26.41537000,-80.16567000,1.80,9.447,-27.747,2.679,300,14,17,,
T,2026-07-18 16:56:49.000,26.41537667,-80.16568333,1.80,9.547,-27.747,2.561,295,14,17,,
T,2026-07-18 16:56:50.000,26.41538667,-80.16570000,1.80,10.147,-27.747,2.483,294,14,17,,
T,2026-07-18 16:56:51.000,26.41539500,-80.16572333,1.90,11.447,-27.747,2.421,292,14,17,,
T,2026-07-18 16:56:52.000,26.41540667,-80.16574500,1.90,11.846,-27.746,2.398,299,14,17,,
T,2026-07-18 16:56:53.000,26.41541667,-80.16576667,1.90,11.946,-27.746,2.337,302,14,17,,
T,2026-07-18 16:56:54.000,26.41542500,-80.16579167,1.90,12.046,-27.746,2.313,301,14,17,,
T,2026-07-18 16:56:55.000,26.41543667,-80.16581167,1.90,11.446,-27.746,2.325,299,14,17,,
T,2026-07-18 16:56:56.000,26.41544833,-80.16584000,1.90,11.146,-27.746,2.387,299,14,17,,
T,2026-07-18 16:56:57.000,26.41546167,-80.16587000,1.90,10.846,-27.746,2.488,297,14,17,,
T,2026-07-18 16:56:58.000,26.41547833,-80.16590500,1.90,10.946,-27.746,2.643,297,14,17,,
T,2026-07-18 16:56:59.000,26.41549167,-80.16593667,2.10,10.646,-27.746,2.759,293,14,17,,
T,2026-07-18 16:57:00.000,26.41550500,-80.16596500,2.30,10.246,-27.746,2.818,297,14,17,,
T,2026-07-18 16:57:01.000,26.41552000,-80.16599333,2.50,9.845,-27.745,2.895,300,14,17,,
T,2026-07-18 16:57:02.000,26.41553667,-80.16602333,2.60,9.745,-27.745,3.003,303,14,17,,
T,2026-07-18 16:57:03.000,26.41555167,-80.16605833,2.60,9.745,-27.745,3.127,296,14,17,,
T,2026-07-18 16:57:04.000,26.41556333,-80.16609333,2.60,9.745,-27.745,3.238,293,14,17,,
T,2026-07-18 16:57:05.000,26.41557333,-80.16612667,2.50,10.045,-27.745,3.336,296,14,17,,
T,2026-07-18 16:57:06.000,26.41558667,-80.16615667,2.50,9.845,-27.745,3.399,295,14,17,,
T,2026-07-18 16:57:07.000,26.41560000,-80.16618833,2.50,10.145,-27.745,3.412,300,14,17,,
T,2026-07-18 16:57:08.000,26.41561500,-80.16621667,2.50,9.945,-27.745,3.415,301,14,17,,
T,2026-07-18 16:57:09.000,26.41563167,-80.16624833,2.50,9.944,-27.744,3.457,302,14,17,,
T,2026-07-18 16:57:10.000,26.41565000,-80.16627833,2.50,9.544,-27.744,3.486,304,14,17,,
T,2026-07-18 16:57:11.000,26.41566500,-80.16630333,2.50,9.544,-27.744,3.456,307,14,17,,
T,2026-07-18 16:57:12.000,26.41568333,-80.16632833,2.50,9.144,-27.744,3.419,304,14,17,,
T,2026-07-18 16:57:13.000,26.41570333,-80.16635667,2.50,8.444,-27.744,3.399,303,14,17,,
T,2026-07-18 16:57:14.000,26.41572167,-80.16638833,2.60,8.244,-27.744,3.385,298,14,17,,
T,2026-07-18 16:57:15.000,26.41573500,-80.16641667,2.60,8.144,-27.744,3.386,296,14,17,,
T,2026-07-18 16:57:16.000,26.41575000,-80.16644667,2.60,8.144,-27.744,3.381,299,14,17,,
T,2026-07-18 16:57:17.000,26.41576833,-80.16647833,2.60,8.644,-27.744,3.392,301,14,17,,
T,2026-07-18 16:57:18.000,26.41578500,-80.16651000,2.60,8.643,-27.743,3.389,301,14,17,,
T,2026-07-18 16:57:19.000,26.41580000,-80.16653833,2.60,8.743,-27.743,3.355,300,14,17,,
T,2026-07-18 16:57:20.000,26.41581667,-80.16656833,2.60,9.643,-27.743,3.342,301,14,17,,
T,2026-07-18 16:57:21.000,26.41583000,-80.16659667,2.60,9.443,-27.743,3.363,300,14,17,,
T,2026-07-18 16:57:22.000,26.41584667,-80.16662333,2.60,9.343,-27.743,3.383,303,14,17,,
T,2026-07-18 16:57:23.000,26.41586333,-80.16665000,2.60,9.443,-27.743,3.397,302,14,17,,
T,2026-07-18 16:57:24.000,26.41587667,-80.16667333,2.50,9.443,-27.743,3.372,309,14,17,,
T,2026-07-18 16:57:25.000,26.41588833,-80.16669167,2.50,9.443,-27.743,3.355,308,14,17,,
T,2026-07-18 16:57:26.000,26.41590500,-80.16671833,2.50,9.743,-27.743,3.356,302,14,17,,
T,2026-07-18 16:57:27.000,26.41591667,-80.16674500,2.50,9.643,-27.743,3.326,300,14,17,,
T,2026-07-18 16:57:28.000,26.41593500,-80.16677500,2.50,9.342,-27.742,3.315,306,14,17,,
T,2026-07-18 16:57:29.000,26.41595167,-80.16680333,2.50,9.742,-27.742,3.331,298,14,17,,
T,2026-07-18 16:57:30.000,26.41596667,-80.16683167,2.50,9.942,-27.742,3.278,298,14,17,,
T,2026-07-18 16:57:31.000,26.41598167,-80.16685833,2.50,10.142,-27.742,3.176,300,14,17,,
T,2026-07-18 16:57:32.000,26.41600500,-80.16687500,2.20,10.242,-27.742,3.114,307,14,17,,
T,2026-07-18 16:57:33.000,26.41603333,-80.16690333,2.10,10.542,-27.742,3.074,315,14,17,,
T,2026-07-18 16:57:34.000,26.41605667,-80.16693167,2.10,10.742,-27.742,3.061,315,14,17,,
T,2026-07-18 16:57:35.000,26.41607333,-80.16695000,2.30,10.442,-27.742,3.034,316,14,17,,
T,2026-07-18 16:57:36.000,26.41609000,-80.16697333,2.40,10.342,-27.742,3.020,311,14,17,,
T,2026-07-18 16:57:37.000,26.41610667,-80.16700167,2.40,9.942,-27.742,3.022,309,14,17,,
T,2026-07-18 16:57:38.000,26.41612667,-80.16702833,2.40,9.742,-27.742,3.039,311,14,17,,
T,2026-07-18 16:57:39.000,26.41614833,-80.16705167,2.40,9.641,-27.741,3.032,312,14,17,,
T,2026-07-18 16:57:40.000,26.41617000,-80.16707000,2.40,9.541,-27.741,3.061,319,14,17,,
T,2026-07-18 16:57:41.000,26.41619333,-80.16708833,2.40,9.141,-27.741,3.134,320,14,17,,
T,2026-07-18 16:57:42.000,26.41622333,-80.16710667,2.40,8.841,-27.741,3.214,325,14,17,,
T,2026-07-18 16:57:43.000,26.41625167,-80.16712500,2.50,8.841,-27.741,3.232,330,14,17,,
T,2026-07-18 16:57:44.000,26.41628000,-80.16714333,2.50,9.341,-27.741,3.250,334,14,17,,
T,2026-07-18 16:57:45.000,26.41630667,-80.16715667,2.50,9.941,-27.741,3.252,332,14,17,,
T,2026-07-18 16:57:46.000,26.41633500,-80.16717167,2.50,9.941,-27.741,3.291,330,14,17,,
T,2026-07-18 16:57:47.000,26.41636333,-80.16719167,2.50,10.141,-27.741,3.297,329,14,17,,
T,2026-07-18 16:57:48.000,26.41638333,-80.16721000,2.50,10.741,-27.741,3.271,327,14,17,,
T,2026-07-18 16:57:49.000,26.41641000,-80.16723167,2.50,11.041,-27.741,3.265,322,14,17,,
T,2026-07-18 16:57:50.000,26.41643333,-80.16725500,2.50,11.941,-27.741,3.349,318,14,17,,
T,2026-07-18 16:57:51.000,26.41645667,-80.16727667,2.50,12.141,-27.741,3.435,320,14,17,,
T,2026-07-18 16:57:52.000,26.41648500,-80.16730167,2.60,12.241,-27.741,3.469,327,14,17,,
T,2026-07-18 16:57:53.000,26.41651000,-80.16731667,2.60,12.441,-27.741,3.474,329,14,17,,
T,2026-07-18 16:57:54.000,26.41653500,-80.16732833,2.60,12.041,-27.741,3.421,345,13,17,,
T,2026-07-18 16:57:55.000,26.41655667,-80.16733333,2.60,12.041,-27.741,3.352,346,14,17,,
T,2026-07-18 16:57:56.000,26.41658833,-80.16733833,2.30,12.041,-27.741,3.312,341,14,17,,
T,2026-07-18 16:57:57.000,26.41661833,-80.16735833,2.20,12.040,-27.740,3.336,336,14,17,,
T,2026-07-18 16:57:58.000,26.41664500,-80.16737000,2.30,12.040,-27.740,3.314,340,14,17,,
T,2026-07-18 16:57:59.000,26.41667333,-80.16738333,2.30,11.940,-27.740,3.288,346,14,17,,
T,2026-07-18 16:58:00.000,26.41670333,-80.16739667,2.10,11.240,-27.740,3.158,346,14,17,,
T,2026-07-18 16:58:01.000,26.41673000,-80.16741000,2.00,11.040,-27.740,3.080,345,14,17,,
T,2026-07-18 16:58:02.000,26.41676167,-80.16742167,2.00,10.540,-27.740,3.033,345,14,17,,
T,2026-07-18 16:58:03.000,26.41679667,-80.16743167,2.00,10.340,-27.740,3.031,346,14,17,,
T,2026-07-18 16:58:04.000,26.41682667,-80.16744000,1.90,10.240,-27.740,3.103,345,14,17,,
T,2026-07-18 16:58:05.000,26.41686167,-80.16745167,1.90,10.340,-27.740,3.223,346,14,17,,
T,2026-07-18 16:58:06.000,26.41689500,-80.16745833,1.90,10.440,-27.740,3.250,347,14,17,,
T,2026-07-18 16:58:07.000,26.41692500,-80.16746833,1.80,10.040,-27.740,3.244,346,14,17,,
T,2026-07-18 16:58:08.000,26.41695500,-80.16747333,1.80,9.840,-27.740,3.293,344,14,17,,
T,2026-07-18 16:58:09.000,26.41698333,-80.16747833,1.90,9.840,-27.740,3.353,343,14,17,,
T,2026-07-18 16:58:10.000,26.41701000,-80.16748333,2.10,9.540,-27.740,3.413,346,14,17,,
T,2026-07-18 16:58:11.000,26.41703667,-80.16748833,2.20,9.440,-27.740,3.430,349,14,17,,
T,2026-07-18 16:58:12.000,26.41706667,-80.16749333,2.30,9.140,-27.740,3.419,355,14,17,,
T,2026-07-18 16:58:13.000,26.41708667,-80.16749000,2.40,8.140,-27.740,3.360,360,14,17,,
T,2026-07-18 16:58:14.000,26.41711167,-80.16748833,2.40,7.740,-27.740,3.319,4,14,17,,
T,2026-07-18 16:58:15.000,26.41713833,-80.16749333,2.30,7.440,-27.740,3.271,347,14,17,,
T,2026-07-18 16:58:16.000,26.41716000,-80.16749833,2.20,7.440,-27.740,3.179,346,14,17,,
T,2026-07-18 16:58:17.000,26.41718500,-80.16750167,2.30,7.840,-27.740,3.115,4,14,17,,
T,2026-07-18 16:58:18.000,26.41721333,-80.16750167,2.20,7.440,-27.740,3.088,5,14,17,,
T,2026-07-18 16:58:19.000,26.41723833,-80.16750333,2.20,7.340,-27.740,3.020,6,14,17,,
T,2026-07-18 16:58:20.000,26.41726167,-80.16749833,2.30,7.040,-27.740,2.973,6,14,17,,
T,2026-07-18 16:58:21.000,26.41728833,-80.16750333,2.20,7.040,-27.740,2.927,356,14,17,,
T,2026-07-18 16:58:22.000,26.41731000,-80.16750500,2.20,7.040,-27.740,2.825,343,14,17,,
T,2026-07-18 16:58:23.000,26.41733333,-80.16752000,2.20,7.140,-27.740,2.760,332,14,17,,
T,2026-07-18 16:58:24.000,26.41735833,-80.16753667,2.00,7.540,-27.740,2.644,320,14,17,,
T,2026-07-18 16:58:25.000,26.41737500,-80.16755333,2.00,8.140,-27.740,2.514,303,14,17,,
T,2026-07-18 16:58:26.000,26.41737500,-80.16756333,2.00,7.340,-27.740,2.409,284,14,17,,
T,2026-07-18 16:58:27.000,26.41737167,-80.16758000,2.00,7.140,-27.740,2.274,267,14,17,,
T,2026-07-18 16:58:28.000,26.41735667,-80.16759500,2.00,7.240,-27.740,2.123,232,14,17,,
T,2026-07-18 16:58:29.000,26.41733000,-80.16760500,2.00,6.940,-27.740,2.076,207,14,17,,
T,2026-07-18 16:58:30.000,26.41730667,-80.16760500,1.90,6.540,-27.740,2.039,187,14,17,,
T,2026-07-18 16:58:31.000,26.41728000,-80.16760667,1.90,6.040,-27.740,2.062,187,14,17,,
T,2026-07-18 16:58:32.000,26.41725167,-80.16760833,2.00,5.840,-27.740,2.156,180,14,17,,
T,2026-07-18 16:58:33.000,26.41722500,-80.16760667,2.20,5.940,-27.740,2.227,184,14,17,,
T,2026-07-18 16:58:34.000,26.41719833,-80.16761167,2.30,6.340,-27.740,2.342,189,14,17,,
T,2026-07-18 16:58:35.000,26.41717500,-80.16760500,2.00,7.440,-27.740,2.455,173,14,17,,
T,2026-07-18 16:58:36.000,26.41714667,-80.16760833,1.90,8.640,-27.740,2.609,181,14,17,,
T,2026-07-18 16:58:37.000,26.41711667,-80.16760833,1.90,9.440,-27.740,2.783,177,14,17,,
T,2026-07-18 16:58:38.000,26.41709000,-80.16760500,2.10,9.340,-27.740,2.924,173,14,17,,
T,2026-07-18 16:58:39.000,26.41706333,-80.16760000,2.20,9.340,-27.740,2.969,173,14,17,,
T,2026-07-18 16:58:40.000,26.41703333,-80.16759667,2.30,9.040,-27.740,3.032,172,14,17,,
T,2026-07-18 16:58:41.000,26.41700833,-80.16759333,1.90,9.140,-27.740,3.010,170,14,17,,
T,2026-07-18 16:58:42.000,26.41698333,-80.16759000,2.10,9.140,-27.740,2.968,170,14,17,,
T,2026-07-18 16:58:43.000,26.41696167,-80.16758500,1.90,9.140,-27.740,2.949,165,14,17,,
T,2026-07-18 16:58:44.000,26.41694000,-80.16758167,1.90,9.140,-27.740,2.913,175,14,17,,
T,2026-07-18 16:58:45.000,26.41692000,-80.16758167,1.80,8.640,-27.740,2.838,187,14,17,,
T,2026-07-18 16:58:46.000,26.41690500,-80.16758833,1.90,8.440,-27.740,2.684,204,14,17,,
T,2026-07-18 16:58:47.000,26.41689167,-80.16759667,1.80,8.940,-27.740,2.527,205,14,17,,
T,2026-07-18 16:58:48.000,26.41688667,-80.16760167,1.80,9.740,-27.740,2.362,202,14,17,,
T,2026-07-18 16:58:49.000,26.41687167,-80.16761000,1.80,10.740,-27.740,2.274,198,14,17,,
T,2026-07-18 16:58:50.000,26.41685000,-80.16761667,1.80,11.240,-27.740,2.175,195,14,17,,
T,2026-07-18 16:58:51.000,26.41682833,-80.16762500,1.80,11.339,-27.739,2.143,200,14,17,,
T,2026-07-18 16:58:52.000,26.41680833,-80.16763500,1.80,11.439,-27.739,2.113,204,14,17,,
T,2026-07-18 16:58:53.000,26.41678667,-80.16764833,1.80,11.339,-27.739,2.100,207,14,17,,
T,2026-07-18 16:58:54.000,26.41676000,-80.16766000,1.80,11.039,-27.739,2.103,199,14,17,,
T,2026-07-18 16:58:55.000,26.41673333,-80.16766500,1.80,10.739,-27.739,2.142,192,14,17,,
T,2026-07-18 16:58:56.000,26.41670833,-80.16767000,1.80,10.239,-27.739,2.287,182,14,17,,
T,2026-07-18 16:58:57.000,26.41668333,-80.16767000,1.70,10.439,-27.739,2.402,179,14,17,,
T,2026-07-18 16:58:58.000,26.41666000,-80.16767000,1.80,10.639,-27.739,2.532,181,14,17,,
T,2026-07-18 16:58:59.000,26.41663667,-80.16766833,1.80,10.439,-27.739,2.593,182,14,17,,
T,2026-07-18 16:59:00.000,26.41661167,-80.16766667,1.80,10.439,-27.739,2.660,183,14,17,,
T,2026-07-18 16:59:01.000,26.41658667,-80.16766833,1.80,10.339,-27.739,2.683,185,14,17,,
T,2026-07-18 16:59:02.000,26.41656167,-80.16767667,1.70,10.539,-27.739,2.717,198,14,17,,
T,2026-07-18 16:59:03.000,26.41654333,-80.16769000,1.70,9.939,-27.739,2.730,211,14,17,,
T,2026-07-18 16:59:04.000,26.41652333,-80.16770333,1.80,9.239,-27.739,2.747,221,14,17,,
T,2026-07-18 16:59:05.000,26.41650667,-80.16772667,1.70,8.339,-27.739,2.781,230,14,17,,
T,2026-07-18 16:59:06.000,26.41649167,-80.16774833,1.70,7.539,-27.739,2.794,231,14,17,,
T,2026-07-18 16:59:07.000,26.41647333,-80.16777500,1.80,7.039,-27.739,2.836,235,14,17,,
T,2026-07-18 16:59:08.000,26.41645833,-80.16780167,2.00,6.839,-27.739,2.862,235,14,17,,
T,2026-07-18 16:59:09.000,26.41644333,-80.16782500,2.10,6.838,-27.738,2.867,237,14,17,,
T,2026-07-18 16:59:10.000,26.41642833,-80.16785000,1.80,6.738,-27.738,2.871,237,14,17,,
T,2026-07-18 16:59:11.000,26.41641500,-80.16787500,1.70,6.538,-27.738,2.884,240,14,17,,
T,2026-07-18 16:59:12.000,26.41640500,-80.16790167,1.70,6.538,-27.738,2.895,242,14,17,,
T,2026-07-18 16:59:13.000,26.41639167,-80.16793000,1.70,6.838,-27.738,2.928,241,14,17,,
T,2026-07-18 16:59:14.000,26.41637500,-80.16795167,1.70,5.938,-27.738,2.917,233,14,17,,
T,2026-07-18 16:59:15.000,26.41635833,-80.16797167,1.90,6.038,-27.738,2.910,228,14,17,,
T,2026-07-18 16:59:16.000,26.41633833,-80.16798667,1.80,5.938,-27.738,2.926,227,14,17,,
T,2026-07-18 16:59:17.000,26.41631667,-80.16800833,1.90,6.138,-27.738,2.931,227,14,17,,
T,2026-07-18 16:59:18.000,26.41629500,-80.16803500,2.00,6.037,-27.737,3.002,232,14,17,,
T,2026-07-18 16:59:19.000,26.41627833,-80.16806333,2.10,5.737,-27.737,3.056,239,14,17,,
T,2026-07-18 16:59:20.000,26.41626333,-80.16809667,2.20,5.237,-27.737,3.062,242,14,17,,
T,2026-07-18 16:59:21.000,26.41625333,-80.16812833,2.20,4.837,-27.737,3.061,250,14,17,,
T,2026-07-18 16:59:22.000,26.41625167,-80.16817000,2.00,3.837,-27.737,3.073,251,14,17,,
T,2026-07-18 16:59:23.000,26.41624667,-80.16820500,1.80,3.337,-27.737,3.085,257,14,17,,
T,2026-07-18 16:59:24.000,26.41624333,-80.16823667,2.00,3.437,-27.737,3.138,263,14,17,,
T,2026-07-18 16:59:25.000,26.41623833,-80.16827000,2.20,3.236,-27.736,3.168,260,14,17,,
T,2026-07-18 16:59:26.000,26.41623833,-80.16830000,2.30,3.136,-27.736,3.144,271,14,17,,
T,2026-07-18 16:59:27.000,26.41624167,-80.16833000,2.40,3.036,-27.736,3.128,276,14,17,,
T,2026-07-18 16:59:28.000,26.41624500,-80.16835833,2.50,3.136,-27.736,3.073,276,14,17,,
T,2026-07-18 16:59:29.000,26.41625000,-80.16838833,2.50,3.436,-27.736,3.052,273,14,17,,
T,2026-07-18 16:59:30.000,26.41625000,-80.16841833,2.50,3.536,-27.736,3.082,268,14,17,,
T,2026-07-18 16:59:31.000,26.41625167,-80.16844833,2.50,3.536,-27.736,3.121,269,14,17,,
T,2026-07-18 16:59:32.000,26.41625167,-80.16848167,2.50,3.536,-27.736,3.137,267,14,17,,
T,2026-07-18 16:59:33.000,26.41625000,-80.16851333,2.40,3.735,-27.735,3.148,272,14,17,,
T,2026-07-18 16:59:34.000,26.41625167,-80.16854500,2.40,3.535,-27.735,3.136,278,14,17,,
T,2026-07-18 16:59:35.000,26.41625500,-80.16857500,2.40,3.735,-27.735,3.115,272,14,17,,
T,2026-07-18 16:59:36.000,26.41625333,-80.16860667,2.40,3.935,-27.735,3.100,272,14,17,,
T,2026-07-18 16:59:37.000,26.41624500,-80.16863500,2.10,4.035,-27.735,3.088,274,14,17,,
T,2026-07-18 16:59:38.000,26.41625333,-80.16866667,2.00,4.435,-27.735,3.082,271,14,17,,
T,2026-07-18 16:59:39.000,26.41626000,-80.16870000,1.90,4.335,-27.735,3.109,283,14,17,,
T,2026-07-18 16:59:40.000,26.41626833,-80.16873333,2.10,4.635,-27.735,3.132,286,14,17,,
T,2026-07-18 16:59:41.000,26.41627833,-80.16876833,2.20,4.534,-27.734,3.122,282,14,17,,
T,2026-07-18 16:59:42.000,26.41628333,-80.16880667,2.30,4.534,-27.734,3.151,277,14,17,,
T,2026-07-18 16:59:43.000,26.41628667,-80.16884333,2.30,4.734,-27.734,3.204,277,14,17,,
T,2026-07-18 16:59:44.000,26.41628667,-80.16888167,2.40,4.734,-27.734,3.224,279,14,17,,
T,2026-07-18 16:59:45.000,26.41628833,-80.16891500,2.40,4.534,-27.734,3.274,279,14,17,,
T,2026-07-18 16:59:46.000,26.41628500,-80.16894667,2.50,4.934,-27.734,3.290,267,14,17,,
T,2026-07-18 16:59:47.000,26.41629500,-80.16898667,2.50,6.334,-27.734,3.310,270,14,17,,
T,2026-07-18 16:59:48.000,26.41629000,-80.16901667,2.10,7.033,-27.733,3.318,271,14,17,,
T,2026-07-18 16:59:49.000,26.41629000,-80.16904667,2.20,6.933,-27.733,3.326,271,14,17,,
T,2026-07-18 16:59:50.000,26.41628833,-80.16907833,2.30,7.033,-27.733,3.335,274,14,17,,
T,2026-07-18 16:59:51.000,26.41628833,-80.16910833,2.30,7.233,-27.733,3.341,279,14,17,,
T,2026-07-18 16:59:52.000,26.41629000,-80.16914000,2.30,7.233,-27.733,3.324,275,14,17,,
T,2026-07-18 16:59:53.000,26.41629000,-80.16917333,2.40,7.433,-27.733,3.276,273,14,17,,
T,2026-07-18 16:59:54.000,26.41629167,-80.16920833,2.40,7.633,-27.733,3.266,274,14,17,,
T,2026-07-18 16:59:55.000,26.41629667,-80.16923667,2.40,7.533,-27.733,3.251,276,14,17,,
T,2026-07-18 16:59:56.000,26.41630167,-80.16926667,2.40,7.332,-27.732,3.267,279,14,17,,
T,2026-07-18 16:59:57.000,26.41630500,-80.16929833,2.40,7.432,-27.732,3.291,282,14,17,,
T,2026-07-18 16:59:58.000,26.41631167,-80.16933333,2.40,7.432,-27.732,3.309,282,14,17,,
T,2026-07-18 16:59:59.000,26.41631833,-80.16936667,2.30,7.532,-27.732,3.287,285,14,17,,
T,2026-07-18 17:00:00.000,26.41632333,-80.16939833,2.30,7.532,-27.732,3.289,285,14,17,,
T,2026-07-18 17:00:01.000,26.41633167,-80.16943167,2.40,7.732,-27.732,3.284,284,14,17,,
T,2026-07-18 17:00:02.000,26.41633500,-80.16946500,2.40,7.732,-27.732,3.253,276,14,17,,
T,2026-07-18 17:00:03.000,26.41633500,-80.16949500,2.40,7.731,-27.731,3.226,268,14,17,,
T,2026-07-18 17:00:04.000,26.41633000,-80.16952000,2.10,5.431,-27.731,3.222,265,14,17,,
T,2026-07-18 17:00:05.000,26.41632667,-80.16954833,2.20,4.931,-27.731,3.194,257,14,17,,
T,2026-07-18 17:00:06.000,26.41632333,-80.16957667,2.30,4.531,-27.731,3.176,269,14,17,,
T,2026-07-18 17:00:07.000,26.41632500,-80.16960500,2.40,4.031,-27.731,3.160,268,14,17,,
T,2026-07-18 17:00:08.000,26.41632000,-80.16963500,2.50,4.131,-27.731,3.153,271,14,17,,
T,2026-07-18 17:00:09.000,26.41631833,-80.16966500,2.50,4.031,-27.731,3.150,270,14,17,,
T,2026-07-18 17:00:10.000,26.41631667,-80.16969667,2.60,3.831,-27.731,3.138,270,14,17,,
T,2026-07-18 17:00:11.000,26.41631500,-80.16972833,2.60,3.731,-27.731,3.148,267,14,17,,
T,2026-07-18 17:00:12.000,26.41631167,-80.16976167,2.60,3.530,-27.730,3.161,260,14,17,,
T,2026-07-18 17:00:13.000,26.41630667,-80.16979333,2.50,3.430,-27.730,3.192,260,14,17,,
T,2026-07-18 17:00:14.000,26.41630167,-80.16982500,2.50,3.230,-27.730,3.196,260,14,17,,
T,2026-07-18 17:00:15.000,26.41629500,-80.16985833,2.40,3.230,-27.730,3.208,255,14,17,,
T,2026-07-18 17:00:16.000,26.41628667,-80.16988833,2.40,3.130,-27.730,3.237,254,14,17,,
T,2026-07-18 17:00:17.000,26.41628000,-80.16992000,2.40,3.330,-27.730,3.228,258,14,17,,
T,2026-07-18 17:00:18.000,26.41627333,-80.16995167,2.40,3.430,-27.730,3.212,259,14,17,,
T,2026-07-18 17:00:19.000,26.41627000,-80.16998167,2.40,3.929,-27.729,3.195,264,14,17,,
T,2026-07-18 17:00:20.000,26.41627000,-80.17001000,2.50,4.029,-27.729,3.127,269,14,17,,
T,2026-07-18 17:00:21.000,26.41627167,-80.17003333,2.20,5.729,-27.729,3.041,277,14,17,,
T,2026-07-18 17:00:22.000,26.41627833,-80.17005000,2.10,7.029,-27.729,2.926,273,14,17,,
T,2026-07-18 17:00:23.000,26.41629000,-80.17006667,2.00,7.729,-27.729,2.791,298,14,17,,
T,2026-07-18 17:00:24.000,26.41630500,-80.17008833,1.90,8.229,-27.729,2.682,301,14,17,,
T,2026-07-18 17:00:25.000,26.41631667,-80.17010167,1.90,8.529,-27.729,2.570,316,14,17,,
T,2026-07-18 17:00:26.000,26.41633500,-80.17011500,1.80,8.629,-27.729,2.508,329,14,17,,
T,2026-07-18 17:00:27.000,26.41635667,-80.17012833,1.70,9.029,-27.729,2.432,333,14,17,,
T,2026-07-18 17:00:28.000,26.41637833,-80.17013833,1.70,9.429,-27.729,2.372,339,14,17,,
T,2026-07-18 17:00:29.000,26.41640000,-80.17015000,1.70,8.729,-27.729,2.318,343,14,17,,
T,2026-07-18 17:00:30.000,26.41642333,-80.17015500,1.70,8.629,-27.729,2.287,347,14,17,,
T,2026-07-18 17:00:31.000,26.41644000,-80.17015500,1.70,8.629,-27.729,2.287,356,14,17,,
T,2026-07-18 17:00:32.000,26.41645833,-80.17015500,1.70,8.929,-27.729,2.346,360,14,17,,
T,2026-07-18 17:00:33.000,26.41647833,-80.17015167,1.70,9.229,-27.729,2.378,9,14,17,,
T,2026-07-18 17:00:34.000,26.41650000,-80.17015000,1.70,9.629,-27.729,2.375,5,14,17,,
T,2026-07-18 17:00:35.000,26.41652000,-80.17015000,1.70,9.829,-27.729,2.361,7,14,17,,
T,2026-07-18 17:00:36.000,26.41653667,-80.17015000,1.70,10.029,-27.729,2.252,5,14,17,,
T,2026-07-18 17:00:37.000,26.41655500,-80.17014833,1.70,10.129,-27.729,2.182,5,14,17,,
T,2026-07-18 17:00:38.000,26.41656833,-80.17014833,1.70,10.229,-27.729,2.042,358,14,17,,
T,2026-07-18 17:00:39.000,26.41657333,-80.17014833,1.70,9.729,-27.729,1.803,319,14,17,,
T,2026-07-18 17:00:40.000,26.41657167,-80.17014667,1.50,9.529,-27.729,1.572,288,14,17,,
T,2026-07-18 17:00:41.000,26.41657000,-80.17014667,1.50,9.129,-27.729,1.333,115,14,17,,
T,2026-07-18 17:00:42.000,26.41656833,-80.17014667,1.40,8.929,-27.729,1.076,28,14,17,,
T,2026-07-18 17:00:43.000,26.41656667,-80.17014500,1.40,8.729,-27.729,0.849,13,14,17,,
T,2026-07-18 17:00:44.000,26.41656667,-80.17014333,1.40,8.629,-27.729,0.637,251,14,17,,
T,2026-07-18 17:00:45.000,26.41656500,-80.17014333,1.40,8.429,-27.729,0.452,222,14,17,,
T,2026-07-18 17:00:46.000,26.41656500,-80.17014333,1.40,8.329,-27.729,0.000,,14,17,,
T,2026-07-18 17:00:47.000,26.41656667,-80.17014500,1.40,8.529,-27.729,0.000,,14,17,,
T,2026-07-18 17:00:48.000,26.41656667,-80.17014833,1.40,8.929,-27.729,0.000,,14,17,,
T,2026-07-18 17:00:49.000,26.41656667,-80.17014833,1.40,8.929,-27.729,0.000,,14,17,,
T,2026-07-18 17:00:50.000,26.41656667,-80.17014833,1.40,8.929,-27.729,0.000,,14,17,,
T,2026-07-18 17:00:51.000,26.41656667,-80.17014833,1.40,8.929,-27.729,0.000,,14,17,,
T,2026-07-18 17:00:52.000,26.41656667,-80.17014833,1.40,8.929,-27.729,0.000,,14,17,,
T,2026-07-18 17:00:53.000,26.41656667,-80.17014833,1.40,8.929,-27.729,0.000,,14,17,,
T,2026-07-18 17:00:54.000,26.41656667,-80.17014833,1.40,8.929,-27.729,0.000,,14,17,,
T,2026-07-18 17:00:55.000,26.41656667,-80.17014833,1.40,8.929,-27.729,0.000,,14,17,,
T,2026-07-18 17:00:56.000,26.41656667,-80.17014833,1.40,8.929,-27.729,0.000,,14,17,,
T,2026-07-18 17:00:57.000,26.41656667,-80.17014833,1.30,8.929,-27.729,0.000,,14,17,,
T,2026-07-18 17:00:58.000,26.41656667,-80.17014833,1.30,8.929,-27.729,0.000,,14,17,,
T,2026-07-18 17:00:59.000,26.41656667,-80.17014833,1.30,8.929,-27.729,0.000,,14,17,,
T,2026-07-18 17:01:00.000,26.41656667,-80.17014833,1.40,8.929,-27.729,0.000,,14,17,,
T,2026-07-18 17:01:01.000,26.41656667,-80.17014833,1.40,8.929,-27.729,0.000,,14,17,,
T,2026-07-18 17:01:02.000,26.41656667,-80.17014833,1.30,8.929,-27.729,0.000,,14,17,,
T,2026-07-18 17:01:03.000,26.41656667,-80.17014833,1.30,8.929,-27.729,0.000,,14,17,,
T,2026-07-18 17:01:04.000,26.41656667,-80.17014833,1.40,8.929,-27.729,0.000,,14,17,,
T,2026-07-18 17:01:05.000,26.41656667,-80.17014833,1.40,8.929,-27.729,0.000,,14,17,,
T,2026-07-18 17:01:06.000,26.41656667,-80.17014833,1.40,8.929,-27.729,0.000,,14,17,,
T,2026-07-18 17:01:07.000,26.41656667,-80.17014833,1.40,8.929,-27.729,0.000,,14,17,,
T,2026-07-18 17:01:08.000,26.41656667,-80.17014833,1.40,8.929,-27.729,0.000,,14,17,,
T,2026-07-18 17:01:09.000,26.41656667,-80.17014833,1.40,8.929,-27.729,0.000,,14,17,,
T,2026-07-18 17:01:10.000,26.41656667,-80.17014833,1.30,8.929,-27.729,0.000,,14,17,,
T,2026-07-18 17:01:11.000,26.41656667,-80.17014833,1.30,8.929,-27.729,0.000,,14,17,,
T,2026-07-18 17:01:12.000,26.41656667,-80.17014833,1.30,8.929,-27.729,0.000,,14,17,,
T,2026-07-18 17:01:13.000,26.41656667,-80.17014833,1.30,8.929,-27.729,0.000,,14,17,,
T,2026-07-18 17:01:14.000,26.41656667,-80.17014833,1.40,8.929,-27.729,0.000,,14,17,,
T,2026-07-18 17:01:15.000,26.41656667,-80.17014833,1.40,8.929,-27.729,0.000,,14,17,,
T,2026-07-18 17:01:16.000,26.41656667,-80.17014833,1.40,8.929,-27.729,0.000,,14,17,,
T,2026-07-18 17:01:17.000,26.41656667,-80.17014833,1.40,8.929,-27.729,0.000,,14,17,,
T,2026-07-18 17:01:18.000,26.41656667,-80.17014833,1.40,8.929,-27.729,0.000,,14,17,,
T,2026-07-18 17:01:19.000,26.41656667,-80.17014833,1.40,8.929,-27.729,0.000,,14,17,,
T,2026-07-18 17:01:20.000,26.41656667,-80.17014833,1.40,8.929,-27.729,0.000,,14,17,,
T,2026-07-18 17:01:21.000,26.41656667,-80.17014833,1.40,8.929,-27.729,0.000,,14,17,,
T,2026-07-18 17:01:22.000,26.41656667,-80.17014833,1.40,8.929,-27.729,0.000,,14,17,,
T,2026-07-18 17:01:23.000,26.41656667,-80.17014833,1.40,8.929,-27.729,0.000,,14,17,,
T,2026-07-18 17:01:24.000,26.41656667,-80.17014833,1.40,8.929,-27.729,0.000,,14,17,,
T,2026-07-18 17:01:25.000,26.41656667,-80.17014833,1.40,8.929,-27.729,0.000,,14,17,,
T,2026-07-18 17:01:26.000,26.41656667,-80.17014833,1.40,8.929,-27.729,0.000,,14,17,,
T,2026-07-18 17:01:27.000,26.41656667,-80.17014833,1.40,8.929,-27.729,0.000,,14,17,,
T,2026-07-18 17:01:28.000,26.41656667,-80.17014833,1.40,8.929,-27.729,0.000,,14,17,,
T,2026-07-18 17:01:29.000,26.41656667,-80.17014833,1.40,8.929,-27.729,0.000,,14,17,,
T,2026-07-18 17:01:30.000,26.41656667,-80.17014833,1.40,8.929,-27.729,0.000,,14,17,,
T,2026-07-18 17:01:31.000,26.41656667,-80.17014833,1.40,8.929,-27.729,0.000,,14,17,,
T,2026-07-18 17:01:32.000,26.41656667,-80.17014833,1.40,8.929,-27.729,0.000,,14,17,,
T,2026-07-18 17:01:33.000,26.41656667,-80.17014833,1.40,8.929,-27.729,0.000,,14,17,,
T,2026-07-18 17:01:34.000,26.41656667,-80.17014833,1.40,8.929,-27.729,0.000,,14,17,,
T,2026-07-18 17:01:35.000,26.41656667,-80.17014833,1.30,8.929,-27.729,0.000,,14,17,,
T,2026-07-18 17:01:36.000,26.41656667,-80.17014833,1.40,8.929,-27.729,0.000,,14,17,,
T,2026-07-18 17:01:37.000,26.41656667,-80.17014833,1.40,8.929,-27.729,0.000,,14,17,,
T,2026-07-18 17:01:38.000,26.41656667,-80.17014833,1.40,8.929,-27.729,0.000,,14,17,,
T,2026-07-18 17:01:39.000,26.41656667,-80.17014833,1.40,8.929,-27.729,0.000,,14,17,,
T,2026-07-18 17:01:40.000,26.41656667,-80.17014833,1.40,8.929,-27.729,0.000,,14,17,,
T,2026-07-18 17:01:41.000,26.41656667,-80.17014833,1.40,8.929,-27.729,0.000,,14,17,,
T,2026-07-18 17:01:42.000,26.41656667,-80.17014833,1.40,8.929,-27.729,0.000,,14,17,,
T,2026-07-18 17:01:43.000,26.41656667,-80.17014833,1.40,8.929,-27.729,0.000,,14,17,,
T,2026-07-18 17:01:44.000,26.41656667,-80.17014833,1.40,8.929,-27.729,0.000,,14,17,,
T,2026-07-18 17:01:45.000,26.41656667,-80.17014833,1.40,8.929,-27.729,0.000,,14,17,,
T,2026-07-18 17:01:46.000,26.41656667,-80.17014833,1.40,8.929,-27.729,0.000,,14,17,,
T,2026-07-18 17:01:47.000,26.41656667,-80.17014833,1.40,8.929,-27.729,0.000,,14,17,,
T,2026-07-18 17:01:48.000,26.41656667,-80.17014833,1.40,8.929,-27.729,0.000,,14,17,,
T,2026-07-18 17:01:49.000,26.41656667,-80.17014833,1.40,8.929,-27.729,0.000,,14,17,,
T,2026-07-18 17:01:50.000,26.41656667,-80.17014833,1.40,8.929,-27.729,0.000,,14,17,,
T,2026-07-18 17:01:51.000,26.41656667,-80.17014833,1.40,8.929,-27.729,0.000,,14,17,,
T,2026-07-18 17:01:52.000,26.41656667,-80.17014833,1.40,8.929,-27.729,0.000,,14,17,,
T,2026-07-18 17:01:53.000,26.41656667,-80.17014833,1.40,8.929,-27.729,0.000,,14,17,,
T,2026-07-18 17:01:54.000,26.41656667,-80.17014833,1.40,8.929,-27.729,0.000,,14,17,,
T,2026-07-18 17:01:55.000,26.41656667,-80.17014833,1.40,8.929,-27.729,0.000,,14,17,,
T,2026-07-18 17:01:56.000,26.41656667,-80.17014833,1.40,8.929,-27.729,0.000,,14,17,,
T,2026-07-18 17:01:57.000,26.41656667,-80.17014833,1.50,8.929,-27.729,0.000,,14,17,,
T,2026-07-18 17:01:58.000,26.41656667,-80.17014833,1.50,8.929,-27.729,0.000,,14,17,,
T,2026-07-18 17:01:59.000,26.41656667,-80.17014833,1.50,8.929,-27.729,0.000,,14,17,,
T,2026-07-18 17:02:00.000,26.41656667,-80.17014833,1.50,8.929,-27.729,0.000,,14,17,,
T,2026-07-18 17:02:01.000,26.41656667,-80.17014833,1.50,8.929,-27.729,0.000,,14,17,,
T,2026-07-18 17:02:02.000,26.41656667,-80.17014833,1.50,8.929,-27.729,0.000,,14,17,,
T,2026-07-18 17:02:03.000,26.41656667,-80.17014833,1.50,8.929,-27.729,0.000,,14,17,,
T,2026-07-18 17:02:04.000,26.41656667,-80.17014833,1.50,8.929,-27.729,0.000,,14,17,,
T,2026-07-18 17:02:05.000,26.41656667,-80.17014833,1.50,8.929,-27.729,0.000,,14,17,,
T,2026-07-18 17:02:06.000,26.41656667,-80.17014833,1.40,8.929,-27.729,0.000,,14,17,,
T,2026-07-18 17:02:07.000,26.41656667,-80.17014833,1.40,8.929,-27.729,0.000,,14,17,,
T,2026-07-18 17:02:08.000,26.41656667,-80.17014833,1.40,8.929,-27.729,0.000,,14,17,,
T,2026-07-18 17:02:09.000,26.41656667,-80.17014833,1.40,8.929,-27.729,0.000,,14,17,,
T,2026-07-18 17:02:10.000,26.41656667,-80.17014833,1.40,8.929,-27.729,0.000,,14,17,,
T,2026-07-18 17:02:11.000,26.41656667,-80.17014833,1.40,8.929,-27.729,0.000,,14,17,,
T,2026-07-18 17:02:12.000,26.41656667,-80.17014833,1.40,8.929,-27.729,0.000,,14,17,,
T,2026-07-18 17:02:13.000,26.41656667,-80.17014833,1.40,8.929,-27.729,0.000,,14,17,,
T,2026-07-18 17:02:14.000,26.41656667,-80.17014833,1.40,8.929,-27.729,0.000,,14,17,,
T,2026-07-18 17:02:15.000,26.41656667,-80.17014833,1.40,8.929,-27.729,0.000,,14,17,,
T,2026-07-18 17:02:16.000,26.41656667,-80.17014833,1.40,8.929,-27.729,0.000,,14,17,,
T,2026-07-18 17:02:17.000,26.41656667,-80.17014833,1.40,8.929,-27.729,0.000,,14,17,,
T,2026-07-18 17:02:18.000,26.41656667,-80.17014833,1.50,8.929,-27.729,0.000,,14,17,,
T,2026-07-18 17:02:19.000,26.41656667,-80.17014833,1.40,8.929,-27.729,0.000,,14,17,,
T,2026-07-18 17:02:20.000,26.41656667,-80.17014833,1.40,8.929,-27.729,0.000,,14,17,,
T,2026-07-18 17:02:21.000,26.41656667,-80.17014833,1.40,8.929,-27.729,0.000,,14,17,,
T,2026-07-18 17:02:22.000,26.41656667,-80.17014833,1.40,8.929,-27.729,0.000,,14,17,,
T,2026-07-18 17:02:23.000,26.41656667,-80.17014833,1.40,8.929,-27.729,0.000,,14,17,,
T,2026-07-18 17:02:24.000,26.41656667,-80.17014833,1.40,8.929,-27.729,0.000,,14,17,,
T,2026-07-18 17:02:25.000,26.41656667,-80.17014833,1.40,8.929,-27.729,0.000,,14,17,,
T,2026-07-18 17:02:26.000,26.41656667,-80.17014833,1.40,8.929,-27.729,0.000,,14,17,,
T,2026-07-18 17:02:27.000,26.41656667,-80.17014833,1.50,8.929,-27.729,0.000,,14,17,,
T,2026-07-18 17:02:28.000,26.41656667,-80.17014833,1.50,8.929,-27.729,0.000,,14,17,,
T,2026-07-18 17:02:29.000,26.41656667,-80.17014833,1.50,8.929,-27.729,0.000,,14,17,,
T,2026-07-18 17:02:30.000,26.41656667,-80.17014833,1.50,8.929,-27.729,0.000,,14,17,,
T,2026-07-18 17:02:31.000,26.41656667,-80.17014833,1.50,8.929,-27.729,0.000,,14,17,,
T,2026-07-18 17:02:32.000,26.41656667,-80.17014833,1.50,8.929,-27.729,0.000,,14,17,,
T,2026-07-18 17:02:33.000,26.41656667,-80.17014833,1.50,8.929,-27.729,0.000,,14,17,,
T,2026-07-18 17:02:34.000,26.41656667,-80.17014833,1.50,8.929,-27.729,0.000,,14,17,,
T,2026-07-18 17:02:35.000,26.41656667,-80.17014833,1.50,8.929,-27.729,0.000,,14,17,,
T,2026-07-18 17:02:36.000,26.41656667,-80.17014833,1.50,8.929,-27.729,0.000,,14,17,,
T,2026-07-18 17:02:37.000,26.41656667,-80.17014833,1.50,8.929,-27.729,0.000,,14,17,,
T,2026-07-18 17:02:38.000,26.41656667,-80.17014833,1.50,8.929,-27.729,0.000,,14,17,,
T,2026-07-18 17:02:39.000,26.41656667,-80.17014833,1.50,8.929,-27.729,0.000,,14,17,,
T,2026-07-18 17:02:40.000,26.41656667,-80.17014833,1.50,8.929,-27.729,0.000,,14,17,,
T,2026-07-18 17:02:41.000,26.41656667,-80.17014833,1.40,8.929,-27.729,0.000,,14,17,,
T,2026-07-18 17:02:42.000,26.41656667,-80.17014833,1.40,8.929,-27.729,0.000,,14,17,,
T,2026-07-18 17:02:43.000,26.41656667,-80.17014833,1.40,8.929,-27.729,0.000,,14,17,,
T,2026-07-18 17:02:44.000,26.41656667,-80.17014833,1.40,8.929,-27.729,0.000,,14,17,,
T,2026-07-18 17:02:45.000,26.41656667,-80.17014833,1.40,8.929,-27.729,0.000,,14,17,,
T,2026-07-18 17:02:46.000,26.41656667,-80.17014833,1.40,8.929,-27.729,0.000,,14,17,,
T,2026-07-18 17:02:47.000,26.41656667,-80.17014833,1.40,8.929,-27.729,0.000,,14,17,,
T,2026-07-18 17:02:48.000,26.41656667,-80.17014833,1.40,8.929,-27.729,0.000,,14,17,,
T,2026-07-18 17:02:49.000,26.41656667,-80.17014833,1.40,8.929,-27.729,0.000,,14,17,,
T,2026-07-18 17:02:50.000,26.41656667,-80.17014833,1.40,8.929,-27.729,0.000,,14,17,,
T,2026-07-18 17:02:51.000,26.41656667,-80.17014833,1.40,8.929,-27.729,0.000,,14,17,,
T,2026-07-18 17:02:52.000,26.41656667,-80.17014833,1.40,8.929,-27.729,0.000,,14,17,,
T,2026-07-18 17:02:53.000,26.41656667,-80.17014833,1.40,8.929,-27.729,0.000,,14,17,,
T,2026-07-18 17:02:54.000,26.41656667,-80.17014833,1.40,8.929,-27.729,0.000,,14,17,,
T,2026-07-18 17:02:55.000,26.41656667,-80.17014833,1.40,8.929,-27.729,0.000,,14,17,,
T,2026-07-18 17:02:56.000,26.41656667,-80.17014833,1.40,8.929,-27.729,0.000,,14,17,,
T,2026-07-18 17:02:57.000,26.41656667,-80.17014833,1.40,8.929,-27.729,0.000,,14,17,,
T,2026-07-18 17:02:58.000,26.41656667,-80.17014833,1.40,8.929,-27.729,0.000,,14,17,,
T,2026-07-18 17:02:59.000,26.41656667,-80.17014833,1.40,8.929,-27.729,0.000,,14,17,,
T,2026-07-18 17:03:00.000,26.41656667,-80.17014833,1.40,8.929,-27.729,0.000,,14,17,,
T,2026-07-18 17:03:01.000,26.41656667,-80.17014833,1.40,8.929,-27.729,0.000,,14,17,,
T,2026-07-18 17:03:02.000,26.41656667,-80.17014833,1.40,8.929,-27.729,0.000,,14,17,,
T,2026-07-18 17:03:03.000,26.41656667,-80.17014833,1.40,8.929,-27.729,0.000,,14,17,,
T,2026-07-18 17:03:04.000,26.41656667,-80.17014833,1.40,8.929,-27.729,0.000,,14,17,,
T,2026-07-18 17:03:05.000,26.41656667,-80.17014833,1.40,8.929,-27.729,0.000,,14,17,,
T,2026-07-18 17:03:06.000,26.41656667,-80.17014833,1.40,8.929,-27.729,0.000,,14,17,,
T,2026-07-18 17:03:07.000,26.41656667,-80.17014833,1.40,8.929,-27.729,0.000,,14,17,,
T,2026-07-18 17:03:08.000,26.41656667,-80.17014833,1.40,8.929,-27.729,0.000,,14,17,,
T,2026-07-18 17:03:09.000,26.41656667,-80.17014833,1.40,8.929,-27.729,0.000,,14,17,,
T,2026-07-18 17:03:10.000,26.41656667,-80.17014833,1.40,8.929,-27.729,0.000,,14,17,,
T,2026-07-18 17:03:11.000,26.41656667,-80.17014833,1.40,8.929,-27.729,0.000,,14,17,,
T,2026-07-18 17:03:12.000,26.41656667,-80.17014833,1.40,8.929,-27.729,0.000,,14,17,,
T,2026-07-18 17:03:13.000,26.41656667,-80.17014833,1.30,8.929,-27.729,0.000,,14,17,,
T,2026-07-18 17:03:14.000,26.41656667,-80.17014833,1.40,8.929,-27.729,0.000,,14,17,,
T,2026-07-18 17:03:15.000,26.41656667,-80.17014833,1.40,8.929,-27.729,0.000,,14,17,,
T,2026-07-18 17:03:16.000,26.41656667,-80.17014833,1.40,8.929,-27.729,0.000,,14,17,,
T,2026-07-18 17:03:17.000,26.41656667,-80.17014833,1.40,8.929,-27.729,0.000,,14,17,,
T,2026-07-18 17:03:18.000,26.41656667,-80.17014833,1.40,8.929,-27.729,0.000,,14,17,,
T,2026-07-18 17:03:19.000,26.41656667,-80.17014833,1.50,8.929,-27.729,0.000,,14,17,,
T,2026-07-18 17:03:20.000,26.41656667,-80.17014833,1.60,8.929,-27.729,0.000,,14,17,,
T,2026-07-18 17:03:21.000,26.41656667,-80.17014833,1.60,8.929,-27.729,0.000,,14,17,,
T,2026-07-18 17:03:22.000,26.41656667,-80.17014833,1.60,8.929,-27.729,0.000,,14,17,,
T,2026-07-18 17:03:23.000,26.41656667,-80.17014833,1.60,8.929,-27.729,0.000,,14,17,,
T,2026-07-18 17:03:24.000,26.41656667,-80.17014833,1.60,8.929,-27.729,0.000,,14,17,,
T,2026-07-18 17:03:25.000,26.41656667,-80.17014833,1.50,8.929,-27.729,0.000,,14,17,,
T,2026-07-18 17:03:26.000,26.41656667,-80.17014833,1.50,8.929,-27.729,0.000,,14,17,,
T,2026-07-18 17:03:27.000,26.41656667,-80.17014833,1.40,8.929,-27.729,0.000,,14,17,,
T,2026-07-18 17:03:28.000,26.41656667,-80.17014833,1.40,8.929,-27.729,0.000,,14,17,,
T,2026-07-18 17:03:29.000,26.41656667,-80.17014833,1.40,8.929,-27.729,0.000,,14,17,,
T,2026-07-18 17:03:30.000,26.41656667,-80.17014833,1.40,8.929,-27.729,0.000,,14,17,,
T,2026-07-18 17:03:31.000,26.41656667,-80.17014833,1.40,8.929,-27.729,0.000,,14,17,,
T,2026-07-18 17:03:32.000,26.41656667,-80.17014833,1.40,8.929,-27.729,0.000,,14,17,,
T,2026-07-18 17:03:33.000,26.41656667,-80.17014833,1.40,8.929,-27.729,0.000,,14,17,,
T,2026-07-18 17:03:34.000,26.41656667,-80.17014833,1.40,8.929,-27.729,0.000,,14,17,,
T,2026-07-18 17:03:35.000,26.41656667,-80.17014833,1.40,8.929,-27.729,0.000,,14,17,,
T,2026-07-18 17:03:36.000,26.41656667,-80.17014833,1.40,8.929,-27.729,0.000,,14,17,,
T,2026-07-18 17:03:37.000,26.41656667,-80.17014833,1.40,8.929,-27.729,0.000,,14,17,,
T,2026-07-18 17:03:38.000,26.41656667,-80.17014833,1.40,8.929,-27.729,0.000,,14,17,,
T,2026-07-18 17:03:39.000,26.41656667,-80.17014833,1.40,8.929,-27.729,0.000,,14,17,,
T,2026-07-18 17:03:40.000,26.41656667,-80.17014833,1.40,8.929,-27.729,0.000,,14,17,,
T,2026-07-18 17:03:41.000,26.41656667,-80.17014833,1.40,8.929,-27.729,0.000,,14,17,,
T,2026-07-18 17:03:42.000,26.41656667,-80.17014833,1.40,8.929,-27.729,0.000,,14,17,,
T,2026-07-18 17:03:43.000,26.41656667,-80.17014833,1.40,8.929,-27.729,0.000,,14,17,,
T,2026-07-18 17:03:44.000,26.41656667,-80.17014833,1.40,8.929,-27.729,0.000,,14,17,,
T,2026-07-18 17:03:45.000,26.41656667,-80.17014833,1.40,8.929,-27.729,0.000,,14,17,,
T,2026-07-18 17:03:46.000,26.41656667,-80.17014833,1.40,8.929,-27.729,0.000,,14,17,,
T,2026-07-18 17:03:47.000,26.41656667,-80.17014833,1.40,8.929,-27.729,0.000,,14,17,,
T,2026-07-18 17:03:48.000,26.41656667,-80.17014833,1.40,8.929,-27.729,0.000,,14,17,,
T,2026-07-18 17:03:49.000,26.41656667,-80.17014833,1.40,8.929,-27.729,0.000,,14,17,,
T,2026-07-18 17:03:50.000,26.41656667,-80.17014833,1.40,8.929,-27.729,0.000,,14,17,,
T,2026-07-18 17:03:51.000,26.41656667,-80.17014833,1.40,8.929,-27.729,0.000,,14,17,,
T,2026-07-18 17:03:52.000,26.41656667,-80.17014833,1.40,8.929,-27.729,0.000,,14,17,,
T,2026-07-18 17:03:53.000,26.41656667,-80.17014833,1.40,8.929,-27.729,0.000,,14,17,,
T,2026-07-18 17:03:54.000,26.41656667,-80.17014833,1.40,8.929,-27.729,0.000,,14,17,,
T,2026-07-18 17:03:55.000,26.41656667,-80.17014833,1.40,8.929,-27.729,0.000,,14,17,,
T,2026-07-18 17:03:56.000,26.41656667,-80.17014833,1.40,8.929,-27.729,0.000,,14,17,,
T,2026-07-18 17:03:57.000,26.41656667,-80.17014833,1.40,8.929,-27.729,0.000,,14,17,,
T,2026-07-18 17:03:58.000,26.41656667,-80.17014833,1.40,8.929,-27.729,0.000,,14,17,,
T,2026-07-18 17:03:59.000,26.41656667,-80.17014833,1.40,8.929,-27.729,0.000,,14,17,,
T,2026-07-18 17:04:00.000,26.41656667,-80.17014833,1.40,8.929,-27.729,0.000,,14,17,,
T,2026-07-18 17:04:01.000,26.41656667,-80.17014833,1.40,8.929,-27.729,0.000,,14,17,,
T,2026-07-18 17:04:02.000,26.41656667,-80.17014833,1.40,8.929,-27.729,0.000,,14,17,,
T,2026-07-18 17:04:03.000,26.41656667,-80.17014833,1.40,8.929,-27.729,0.000,,14,17,,
T,2026-07-18 17:04:04.000,26.41656667,-80.17014833,1.40,8.929,-27.729,0.000,,14,17,,
T,2026-07-18 17:04:05.000,26.41656667,-80.17014833,1.40,8.929,-27.729,0.000,,14,17,,
T,2026-07-18 17:04:06.000,26.41656667,-80.17014833,1.40,8.929,-27.729,0.000,,14,17,,
T,2026-07-18 17:04:07.000,26.41656667,-80.17014833,1.40,8.929,-27.729,0.000,,14,17,,
T,2026-07-18 17:04:08.000,26.41656667,-80.17014833,1.40,8.929,-27.729,0.000,,14,17,,
T,2026-07-18 17:04:09.000,26.41656667,-80.17014833,1.40,8.929,-27.729,0.000,,14,17,,
T,2026-07-18 17:04:10.000,26.41656667,-80.17014833,1.40,8.929,-27.729,0.000,,14,17,,
T,2026-07-18 17:04:11.000,26.41656667,-80.17014833,1.40,8.929,-27.729,0.000,,14,17,,
T,2026-07-18 17:04:12.000,26.41656667,-80.17014833,1.40,8.929,-27.729,0.000,,14,17,,
T,2026-07-18 17:04:13.000,26.41656667,-80.17014833,1.40,8.929,-27.729,0.000,,14,17,,
T,2026-07-18 17:04:14.000,26.41656667,-80.17014833,1.40,8.929,-27.729,0.000,,14,17,,
T,2026-07-18 17:04:15.000,26.41656667,-80.17014833,1.40,8.929,-27.729,0.000,,14,17,,
T,2026-07-18 17:04:16.000,26.41656667,-80.17014833,1.40,8.929,-27.729,0.000,,14,17,,
T,2026-07-18 17:04:17.000,26.41656667,-80.17014833,1.40,8.929,-27.729,0.000,,14,17,,
T,2026-07-18 17:04:18.000,26.41656667,-80.17014833,1.40,8.929,-27.729,0.000,,14,17,,
T,2026-07-18 17:04:19.000,26.41656667,-80.17014833,1.40,8.929,-27.729,0.000,,14,17,,
T,2026-07-18 17:04:20.000,26.41656667,-80.17014833,1.40,8.929,-27.729,0.000,,14,17,,
T,2026-07-18 17:04:21.000,26.41656667,-80.17014833,1.40,8.929,-27.729,0.000,,14,17,,
T,2026-07-18 17:04:22.000,26.41656667,-80.17014833,1.40,8.929,-27.729,0.000,,14,17,,
T,2026-07-18 17:04:23.000,26.41656667,-80.17014833,1.40,8.929,-27.729,0.000,,14,17,,
T,2026-07-18 17:04:24.000,26.41656667,-80.17014833,1.40,8.929,-27.729,0.000,,14,17,,
T,2026-07-18 17:04:25.000,26.41656667,-80.17014833,1.40,8.929,-27.729,0.000,,14,17,,
T,2026-07-18 17:04:26.000,26.41656667,-80.17014833,1.40,8.929,-27.729,0.000,,14,17,,
T,2026-07-18 17:04:27.000,26.41657000,-80.17012500,1.40,16.429,-27.729,0.156,89,14,17,,
T,2026-07-18 17:04:28.000,26.41657167,-80.17012333,1.50,16.429,-27.729,0.000,,14,17,,
T,2026-07-18 17:04:29.000,26.41657000,-80.17012333,1.60,16.529,-27.729,0.000,,14,17,,
T,2026-07-18 17:04:30.000,26.41656833,-80.17012167,1.60,16.629,-27.729,0.000,,14,17,,
T,2026-07-18 17:04:31.000,26.41656833,-80.17012167,1.60,16.629,-27.729,0.000,,14,17,,
T,2026-07-18 17:04:32.000,26.41656833,-80.17012167,1.60,16.629,-27.729,0.000,,14,17,,
T,2026-07-18 17:04:33.000,26.41656833,-80.17012167,1.60,16.629,-27.729,0.000,,14,17,,
T,2026-07-18 17:04:34.000,26.41656833,-80.17012167,1.60,16.629,-27.729,0.000,,14,17,,
T,2026-07-18 17:04:35.000,26.41656833,-80.17012167,1.60,16.629,-27.729,0.000,,14,17,,
T,2026-07-18 17:04:36.000,26.41656833,-80.17012167,1.50,16.629,-27.729,0.000,,14,17,,
T,2026-07-18 17:04:37.000,26.41656833,-80.17012167,1.50,16.629,-27.729,0.000,,14,16,,
T,2026-07-18 17:04:38.000,26.41656833,-80.17012167,1.40,16.629,-27.729,0.000,,14,16,,
T,2026-07-18 17:04:39.000,26.41656833,-80.17012167,1.40,16.629,-27.729,0.000,,14,16,,
T,2026-07-18 17:04:40.000,26.41656833,-80.17012167,1.40,16.629,-27.729,0.000,,14,16,,
T,2026-07-18 17:04:41.000,26.41656833,-80.17012167,1.30,16.629,-27.729,0.000,,14,16,,
T,2026-07-18 17:04:42.000,26.41656833,-80.17012167,1.30,16.629,-27.729,0.000,,14,16,,
T,2026-07-18 17:04:43.000,26.41656833,-80.17012167,1.30,16.629,-27.729,0.000,,14,16,,
T,2026-07-18 17:04:44.000,26.41656833,-80.17012167,1.30,16.629,-27.729,0.000,,14,16,,
T,2026-07-18 17:04:45.000,26.41656833,-80.17012167,1.30,16.629,-27.729,0.000,,14,16,,
T,2026-07-18 17:04:46.000,26.41656833,-80.17012167,1.30,16.629,-27.729,0.000,,14,16,,
T,2026-07-18 17:04:47.000,26.41656833,-80.17012167,1.30,16.629,-27.729,0.000,,14,16,,
T,2026-07-18 17:04:48.000,26.41656833,-80.17012167,1.30,16.629,-27.729,0.000,,14,16,,
T,2026-07-18 17:04:49.000,26.41656833,-80.17012167,1.40,16.629,-27.729,0.000,,14,16,,
T,2026-07-18 17:04:50.000,26.41656833,-80.17012167,1.30,16.629,-27.729,0.000,,14,16,,
T,2026-07-18 17:04:51.000,26.41656833,-80.17012167,1.40,16.629,-27.729,0.000,,14,16,,
T,2026-07-18 17:04:52.000,26.41656833,-80.17012167,1.40,16.629,-27.729,0.000,,14,16,,
T,2026-07-18 17:04:53.000,26.41656833,-80.17012167,1.40,16.629,-27.729,0.000,,14,16,,
T,2026-07-18 17:04:54.000,26.41656833,-80.17012167,1.40,16.629,-27.729,0.000,,14,16,,
T,2026-07-18 17:04:55.000,26.41656833,-80.17012167,1.40,16.629,-27.729,0.000,,14,16,,
T,2026-07-18 17:04:56.000,26.41656833,-80.17012167,1.40,16.629,-27.729,0.000,,14,16,,
T,2026-07-18 17:04:57.000,26.41656833,-80.17012167,1.40,16.629,-27.729,0.000,,14,16,,
T,2026-07-18 17:04:58.000,26.41656833,-80.17012167,1.40,16.629,-27.729,0.000,,14,16,,
T,2026-07-18 17:04:59.000,26.41656833,-80.17012167,1.40,16.629,-27.729,0.000,,14,16,,
T,2026-07-18 17:05:00.000,26.41656833,-80.17012167,1.40,16.629,-27.729,0.000,,14,16,,
T,2026-07-18 17:05:01.000,26.41656833,-80.17012167,1.40,16.629,-27.729,0.000,,14,16,,
T,2026-07-18 17:05:02.000,26.41656833,-80.17012167,1.40,16.629,-27.729,0.000,,14,16,,
T,2026-07-18 17:05:03.000,26.41656833,-80.17012167,1.40,16.629,-27.729,0.000,,14,16,,
T,2026-07-18 17:05:04.000,26.41656833,-80.17012167,1.40,16.629,-27.729,0.000,,14,16,,
T,2026-07-18 17:05:05.000,26.41656833,-80.17012167,1.40,16.629,-27.729,0.000,,14,16,,
T,2026-07-18 17:05:06.000,26.41656833,-80.17012167,1.40,16.629,-27.729,0.000,,14,16,,
T,2026-07-18 17:05:07.000,26.41656833,-80.17012167,1.40,16.629,-27.729,0.000,,14,16,,
T,2026-07-18 17:05:08.000,26.41656833,-80.17012167,1.40,16.629,-27.729,0.000,,14,16,,
T,2026-07-18 17:05:09.000,26.41656833,-80.17012167,1.40,16.629,-27.729,0.000,,14,16,,
T,2026-07-18 17:05:10.000,26.41656833,-80.17012167,1.40,16.629,-27.729,0.000,,14,16,,
T,2026-07-18 17:05:11.000,26.41656833,-80.17012167,1.40,16.629,-27.729,0.000,,14,16,,
T,2026-07-18 17:05:12.000,26.41656833,-80.17012167,1.30,16.629,-27.729,0.000,,14,16,,
T,2026-07-18 17:05:13.000,26.41656833,-80.17012167,1.30,16.629,-27.729,0.000,,14,16,,
T,2026-07-18 17:05:14.000,26.41656833,-80.17012167,1.30,16.629,-27.729,0.000,,14,16,,
T,2026-07-18 17:05:15.000,26.41656833,-80.17012167,1.30,16.629,-27.729,0.000,,14,16,,
T,2026-07-18 17:05:16.000,26.41656833,-80.17012167,1.30,16.629,-27.729,0.000,,14,16,,
T,2026-07-18 17:05:17.000,26.41656833,-80.17012167,1.30,16.629,-27.729,0.000,,14,16,,
T,2026-07-18 17:05:18.000,26.41656833,-80.17012167,1.30,16.629,-27.729,0.000,,14,16,,
T,2026-07-18 17:05:19.000,26.41656833,-80.17012167,1.30,16.629,-27.729,0.000,,14,16,,
T,2026-07-18 17:05:20.000,26.41656833,-80.17012167,1.30,16.629,-27.729,0.000,,14,16,,
T,2026-07-18 17:05:21.000,26.41656833,-80.17012167,1.30,16.629,-27.729,0.000,,14,16,,
T,2026-07-18 17:05:22.000,26.41656833,-80.17012167,1.30,16.629,-27.729,0.000,,14,16,,
T,2026-07-18 17:05:23.000,26.41656833,-80.17012167,1.30,16.629,-27.729,0.000,,14,16,,
T,2026-07-18 17:05:24.000,26.41656833,-80.17012167,1.30,16.629,-27.729,0.000,,14,16,,
T,2026-07-18 17:05:25.000,26.41656833,-80.17012167,1.30,16.629,-27.729,0.000,,14,16,,
T,2026-07-18 17:05:26.000,26.41656833,-80.17012167,1.30,16.629,-27.729,0.000,,14,16,,
T,2026-07-18 17:05:27.000,26.41656833,-80.17012167,1.30,16.629,-27.729,0.000,,14,16,,
T,2026-07-18 17:05:28.000,26.41656833,-80.17012167,1.30,16.629,-27.729,0.000,,14,16,,
T,2026-07-18 17:05:29.000,26.41656833,-80.17012167,1.30,16.629,-27.729,0.000,,14,16,,
T,2026-07-18 17:05:30.000,26.41656833,-80.17012167,1.30,16.629,-27.729,0.000,,14,16,,
T,2026-07-18 17:05:31.000,26.41656833,-80.17012167,1.30,16.629,-27.729,0.000,,14,16,,
T,2026-07-18 17:05:32.000,26.41656833,-80.17012167,1.30,16.629,-27.729,0.000,,14,16,,
T,2026-07-18 17:05:33.000,26.41656833,-80.17012167,1.30,16.629,-27.729,0.000,,14,16,,
T,2026-07-18 17:05:34.000,26.41656833,-80.17012167,1.30,16.629,-27.729,0.000,,14,16,,
T,2026-07-18 17:05:35.000,26.41656833,-80.17012167,1.30,16.629,-27.729,0.000,,14,16,,
T,2026-07-18 17:05:36.000,26.41656833,-80.17012167,1.30,16.629,-27.729,0.000,,14,16,,
T,2026-07-18 17:05:37.000,26.41656833,-80.17012167,1.30,16.629,-27.729,0.000,,14,16,,
T,2026-07-18 17:05:38.000,26.41656833,-80.17012167,1.30,16.629,-27.729,0.000,,14,16,,
T,2026-07-18 17:05:39.000,26.41656833,-80.17012167,1.30,16.629,-27.729,0.000,,14,16,,
T,2026-07-18 17:05:40.000,26.41656833,-80.17012167,1.40,16.629,-27.729,0.000,,14,16,,
T,2026-07-18 17:05:41.000,26.41656833,-80.17012167,1.40,16.629,-27.729,0.000,,14,16,,
T,2026-07-18 17:05:42.000,26.41656833,-80.17012167,1.40,16.629,-27.729,0.000,,14,16,,
T,2026-07-18 17:05:43.000,26.41656833,-80.17012167,1.40,16.629,-27.729,0.000,,14,16,,
T,2026-07-18 17:05:44.000,26.41656833,-80.17012167,1.40,16.629,-27.729,0.000,,14,16,,
T,2026-07-18 17:05:45.000,26.41656833,-80.17012167,1.40,16.629,-27.729,0.000,,14,16,,
T,2026-07-18 17:05:46.000,26.41656833,-80.17012167,1.40,16.629,-27.729,0.000,,14,16,,
T,2026-07-18 17:05:47.000,26.41656833,-80.17012167,1.40,16.629,-27.729,0.000,,14,16,,
T,2026-07-18 17:05:48.000,26.41656833,-80.17012167,1.40,16.629,-27.729,0.000,,14,16,,
T,2026-07-18 17:05:49.000,26.41656833,-80.17012167,1.40,16.629,-27.729,0.000,,14,16,,
T,2026-07-18 17:05:50.000,26.41656833,-80.17012167,1.30,16.629,-27.729,0.000,,14,16,,
T,2026-07-18 17:05:51.000,26.41656833,-80.17012167,1.30,16.629,-27.729,0.000,,14,16,,
T,2026-07-18 17:05:52.000,26.41656833,-80.17012167,1.30,16.629,-27.729,0.000,,14,16,,
T,2026-07-18 17:05:53.000,26.41656833,-80.17012167,1.30,16.629,-27.729,0.000,,14,16,,
T,2026-07-18 17:05:54.000,26.41656833,-80.17012167,1.30,16.629,-27.729,0.000,,14,16,,
T,2026-07-18 17:05:55.000,26.41656833,-80.17012167,1.30,16.629,-27.729,0.000,,14,16,,
T,2026-07-18 17:05:56.000,26.41656833,-80.17012167,1.30,16.629,-27.729,0.000,,14,16,,
T,2026-07-18 17:05:57.000,26.41656833,-80.17012167,1.30,16.629,-27.729,0.000,,14,16,,
T,2026-07-18 17:05:58.000,26.41656833,-80.17012167,1.30,16.629,-27.729,0.000,,14,16,,
T,2026-07-18 17:05:59.000,26.41656833,-80.17012167,1.30,16.629,-27.729,0.000,,14,16,,
T,2026-07-18 17:06:00.000,26.41656833,-80.17012167,1.30,16.629,-27.729,0.000,,14,16,,
T,2026-07-18 17:06:01.000,26.41656833,-80.17012167,1.40,16.629,-27.729,0.000,,14,16,,
T,2026-07-18 17:06:02.000,26.41656833,-80.17012167,1.30,16.629,-27.729,0.000,,14,16,,
T,2026-07-18 17:06:03.000,26.41656833,-80.17012167,1.30,16.629,-27.729,0.000,,14,16,,
T,2026-07-18 17:06:04.000,26.41656833,-80.17012167,1.30,16.629,-27.729,0.000,,14,16,,
T,2026-07-18 17:06:05.000,26.41656833,-80.17012167,1.30,16.629,-27.729,0.000,,14,16,,
T,2026-07-18 17:06:06.000,26.41656833,-80.17012167,1.30,16.629,-27.729,0.000,,14,16,,
T,2026-07-18 17:06:07.000,26.41656833,-80.17012167,1.30,16.629,-27.729,0.000,,14,16,,
T,2026-07-18 17:06:08.000,26.41656833,-80.17012167,1.30,16.629,-27.729,0.000,,14,16,,
T,2026-07-18 17:06:09.000,26.41656833,-80.17012167,1.30,16.629,-27.729,0.000,,13,16,,
T,2026-07-18 17:06:10.000,26.41656833,-80.17012167,1.30,16.629,-27.729,0.000,,13,16,,
T,2026-07-18 17:06:11.000,26.41656833,-80.17012167,1.30,16.629,-27.729,0.000,,13,16,,
T,2026-07-18 17:06:12.000,26.41656833,-80.17012167,1.40,16.629,-27.729,0.000,,13,16,,
T,2026-07-18 17:06:13.000,26.41656833,-80.17012167,1.30,16.629,-27.729,0.000,,14,16,,
T,2026-07-18 17:06:14.000,26.41656833,-80.17012167,1.30,16.629,-27.729,0.000,,14,16,,
T,2026-07-18 17:06:15.000,26.41656833,-80.17012167,1.30,16.629,-27.729,0.000,,14,16,,
T,2026-07-18 17:06:16.000,26.41656833,-80.17012167,1.30,16.629,-27.729,0.000,,14,16,,
T,2026-07-18 17:06:17.000,26.41656833,-80.17012167,1.30,16.629,-27.729,0.000,,14,16,,
T,2026-07-18 17:06:18.000,26.41656833,-80.17012167,1.40,16.629,-27.729,0.000,,14,16,,
T,2026-07-18 17:06:19.000,26.41656833,-80.17012167,1.40,16.629,-27.729,0.000,,14,16,,
T,2026-07-18 17:06:20.000,26.41656833,-80.17012167,1.40,16.629,-27.729,0.000,,14,16,,
T,2026-07-18 17:06:21.000,26.41656833,-80.17012167,1.40,16.629,-27.729,0.000,,14,16,,
T,2026-07-18 17:06:22.000,26.41656833,-80.17012167,1.40,16.629,-27.729,0.000,,14,16,,
T,2026-07-18 17:06:23.000,26.41656833,-80.17012167,1.50,16.629,-27.729,0.000,,14,16,,
T,2026-07-18 17:06:24.000,26.41656833,-80.17012167,1.50,16.629,-27.729,0.000,,14,16,,
T,2026-07-18 17:06:25.000,26.41656833,-80.17012167,1.50,16.629,-27.729,0.000,,14,16,,
T,2026-07-18 17:06:26.000,26.41656833,-80.17012167,1.40,16.629,-27.729,0.000,,14,16,,
T,2026-07-18 17:06:27.000,26.41656833,-80.17012167,1.40,16.629,-27.729,0.000,,14,16,,
T,2026-07-18 17:06:28.000,26.41656833,-80.17012167,1.40,16.629,-27.729,0.000,,14,16,,
T,2026-07-18 17:06:29.000,26.41656833,-80.17012167,1.40,16.629,-27.729,0.000,,14,16,,
T,2026-07-18 17:06:30.000,26.41656833,-80.17012167,1.40,16.629,-27.729,0.000,,14,16,,
T,2026-07-18 17:06:31.000,26.41656833,-80.17012167,1.40,16.629,-27.729,0.000,,14,16,,
T,2026-07-18 17:06:32.000,26.41656833,-80.17012167,1.40,16.629,-27.729,0.000,,14,16,,
T,2026-07-18 17:06:33.000,26.41656833,-80.17012167,1.40,16.629,-27.729,0.000,,14,16,,
T,2026-07-18 17:06:34.000,26.41656833,-80.17012167,1.40,16.629,-27.729,0.000,,14,16,,
T,2026-07-18 17:06:35.000,26.41656833,-80.17012167,1.40,16.629,-27.729,0.000,,14,16,,
T,2026-07-18 17:06:36.000,26.41656833,-80.17012167,1.30,16.629,-27.729,0.000,,14,16,,
T,2026-07-18 17:06:37.000,26.41656833,-80.17012167,1.30,16.629,-27.729,0.000,,14,16,,
T,2026-07-18 17:06:38.000,26.41656833,-80.17012167,1.30,16.629,-27.729,0.000,,14,16,,
T,2026-07-18 17:06:39.000,26.41656833,-80.17012167,1.30,16.629,-27.729,0.000,,14,16,,
