type,date time,latitude,longitude,accuracy(m),altitude(m),geoid_height(m),speed(m/s),bearing(deg),sat_used,sat_inview,name,desc
W,2026-07-24 12:03:58.000,26.41606000,-80.16462167,2.50,2.851,-27.751,0.187,25,12,23,,Maintenance
W,2026-07-24 12:09:21.000,26.41484833,-80.16356667,1.40,3.555,-27.755,0.764,167,17,24,,Int1
W,2026-07-24 12:09:45.000,26.41451833,-80.16359000,1.80,10.155,-27.755,2.670,216,17,24,,Int2
W,2026-07-24 12:10:59.000,26.41279333,-80.16157167,1.60,2.962,-27.762,3.653,153,18,24,,Int4
W,2026-07-24 12:11:42.000,26.41326167,-80.16037167,1.90,10.067,-27.767,3.552,80,17,24,,Int4
W,2026-07-24 12:16:12.000,26.41309500,-80.15518167,1.60,9.889,-27.789,0.000,,17,23,,Int5
W,2026-07-24 12:17:03.000,26.41328333,-80.15468333,1.50,8.791,-27.791,0.000,,18,22,,Station1
T,2026-07-24 12:03:55.000,26.41607833,-80.16462833,2.70,3.951,-27.751,0.238,190,13,23,20260724-080355,GPS Logger: 20260724-080355 - Maintenance to Station1
T,2026-07-24 12:03:56.000,26.41607333,-80.16462667,2.60,2.651,-27.751,0.154,78,12,23,,
T,2026-07-24 12:03:57.000,26.41606833,-80.16462667,2.50,2.151,-27.751,0.119,291,12,23,,
T,2026-07-24 12:03:58.000,26.41606000,-80.16462167,2.50,2.851,-27.751,0.187,25,12,23,,
T,2026-07-24 12:03:59.000,26.41605333,-80.16462167,2.40,3.151,-27.751,0.149,19,13,23,,
T,2026-07-24 12:04:00.000,26.41604667,-80.16462333,2.40,3.351,-27.751,0.000,,13,23,,
T,2026-07-24 12:04:01.000,26.41604000,-80.16462167,2.30,3.351,-27.751,0.159,185,13,23,,
T,2026-07-24 12:04:02.000,26.41603167,-80.16461833,2.30,3.851,-27.751,0.000,,13,23,,
T,2026-07-24 12:04:03.000,26.41602667,-80.16461667,2.30,3.851,-27.751,0.000,,13,23,,
T,2026-07-24 12:04:04.000,26.41602500,-80.16461500,2.30,3.951,-27.751,0.166,160,13,23,,
T,2026-07-24 12:04:05.000,26.41602500,-80.16461333,2.20,4.251,-27.751,0.155,116,14,23,,
T,2026-07-24 12:04:06.000,26.41602667,-80.16461167,2.20,4.851,-27.751,0.150,86,14,23,,
T,2026-07-24 12:04:07.000,26.41602500,-80.16461000,2.10,5.551,-27.751,0.147,177,12,23,,
T,2026-07-24 12:04:08.000,26.41603167,-80.16460833,2.10,5.751,-27.751,0.134,129,13,23,,
T,2026-07-24 12:04:09.000,26.41602833,-80.16460667,2.10,6.751,-27.751,0.127,127,13,23,,
T,2026-07-24 12:04:10.000,26.41602500,-80.16460833,2.10,7.251,-27.751,0.000,,11,23,,
T,2026-07-24 12:04:11.000,26.41602167,-80.16461000,2.10,7.651,-27.751,0.000,,11,23,,
T,2026-07-24 12:04:12.000,26.41601667,-80.16460833,2.10,8.151,-27.751,0.121,156,13,23,,
T,2026-07-24 12:04:13.000,26.41601500,-80.16461000,2.20,8.451,-27.751,0.119,185,12,23,,
T,2026-07-24 12:04:14.000,26.41601333,-80.16461167,2.20,8.651,-27.751,0.000,,13,23,,
T,2026-07-24 12:04:15.000,26.41601167,-80.16461500,2.20,8.951,-27.751,0.000,,14,23,,
T,2026-07-24 12:04:16.000,26.41600667,-80.16461333,2.20,9.251,-27.751,0.000,,14,23,,
T,2026-07-24 12:04:17.000,26.41600667,-80.16461333,2.20,9.251,-27.751,0.000,,14,23,,
T,2026-07-24 12:04:18.000,26.41600667,-80.16461333,2.20,9.251,-27.751,0.000,,13,23,,
T,2026-07-24 12:04:19.000,26.41600667,-80.16461333,2.30,9.251,-27.751,0.000,,14,23,,
T,2026-07-24 12:04:20.000,26.41600667,-80.16461333,2.30,9.251,-27.751,0.000,,14,23,,
T,2026-07-24 12:04:21.000,26.41600667,-80.16461333,2.30,9.251,-27.751,0.000,,14,23,,
T,2026-07-24 12:04:22.000,26.41600667,-80.16461333,2.30,9.251,-27.751,0.000,,14,23,,
T,2026-07-24 12:04:23.000,26.41600667,-80.16461333,2.30,9.251,-27.751,0.000,,14,23,,
T,2026-07-24 12:04:24.000,26.41600667,-80.16461333,2.30,9.251,-27.751,0.000,,14,23,,
T,2026-07-24 12:04:25.000,26.41600667,-80.16461333,2.30,9.251,-27.751,0.000,,14,23,,
T,2026-07-24 12:04:26.000,26.41600667,-80.16461333,2.30,9.251,-27.751,0.000,,14,23,,
T,2026-07-24 12:04:27.000,26.41600667,-80.16461333,2.30,9.251,-27.751,0.000,,14,23,,
T,2026-07-24 12:04:28.000,26.41600667,-80.16461333,2.30,9.251,-27.751,0.000,,14,23,,
T,2026-07-24 12:04:29.000,26.41600667,-80.16461333,2.20,9.251,-27.751,0.000,,15,23,,
T,2026-07-24 12:04:30.000,26.41600667,-80.16461333,2.20,9.251,-27.751,0.000,,14,23,,
T,2026-07-24 12:04:31.000,26.41600667,-80.16461333,2.20,9.251,-27.751,0.000,,14,23,,
T,2026-07-24 12:04:32.000,26.41600667,-80.16461333,2.20,9.251,-27.751,0.000,,13,23,,
T,2026-07-24 12:04:33.000,26.41600667,-80.16461333,2.20,9.251,-27.751,0.000,,13,23,,
T,2026-07-24 12:04:34.000,26.41599167,-80.16458167,2.20,13.352,-27.752,0.299,251,13,23,,
T,2026-07-24 12:04:35.000,26.41600000,-80.16457667,2.10,12.952,-27.752,0.000,,13,23,,
T,2026-07-24 12:04:36.000,26.41600667,-80.16457667,2.10,12.752,-27.752,0.000,,13,23,,
T,2026-07-24 12:04:37.000,26.41601000,-80.16457667,2.10,12.752,-27.752,0.000,,13,23,,
T,2026-07-24 12:04:38.000,26.41601000,-80.16457667,2.20,12.752,-27.752,0.000,,13,23,,
T,2026-07-24 12:04:39.000,26.41601000,-80.16457667,2.20,12.752,-27.752,0.000,,13,23,,
T,2026-07-24 12:04:40.000,26.41601000,-80.16457667,2.20,12.752,-27.752,0.000,,13,23,,
T,2026-07-24 12:04:41.000,26.41601000,-80.16457667,2.20,12.752,-27.752,0.000,,13,23,,
T,2026-07-24 12:04:42.000,26.41601000,-80.16457667,2.20,12.752,-27.752,0.000,,14,23,,
T,2026-07-24 12:04:43.000,26.41601000,-80.16457667,2.20,12.752,-27.752,0.000,,14,24,,
T,2026-07-24 12:04:44.000,26.41601000,-80.16457667,2.20,12.752,-27.752,0.000,,14,24,,
T,2026-07-24 12:04:45.000,26.41601000,-80.16457667,2.20,12.752,-27.752,0.000,,14,24,,
T,2026-07-24 12:04:46.000,26.41601000,-80.16457667,2.20,12.752,-27.752,0.000,,14,24,,
T,2026-07-24 12:04:47.000,26.41601000,-80.16457667,2.10,12.752,-27.752,0.000,,14,24,,
T,2026-07-24 12:04:48.000,26.41601000,-80.16457667,2.00,12.752,-27.752,0.000,,14,24,,
T,2026-07-24 12:04:49.000,26.41601000,-80.16457667,2.00,12.752,-27.752,0.000,,16,24,,
T,2026-07-24 12:04:50.000,26.41601000,-80.16457667,2.00,12.752,-27.752,0.000,,16,24,,
T,2026-07-24 12:04:51.000,26.41601000,-80.16457667,1.90,12.752,-27.752,0.000,,16,24,,
T,2026-07-24 12:04:52.000,26.41601000,-80.16457667,1.90,12.752,-27.752,0.000,,16,24,,
T,2026-07-24 12:04:53.000,26.41601000,-80.16457667,1.80,12.752,-27.752,0.000,,16,24,,
T,2026-07-24 12:04:54.000,26.41601000,-80.16457667,1.90,12.752,-27.752,0.000,,16,24,,
T,2026-07-24 12:04:55.000,26.41601000,-80.16457667,1.80,12.752,-27.752,0.000,,16,24,,
T,2026-07-24 12:04:56.000,26.41601000,-80.16457667,1.80,12.752,-27.752,0.000,,16,24,,
T,2026-07-24 12:04:57.000,26.41605833,-80.16457500,1.90,14.752,-27.752,0.334,233,15,24,,
T,2026-07-24 12:04:58.000,26.41606667,-80.16457333,1.90,13.652,-27.752,0.359,227,15,24,,
T,2026-07-24 12:04:59.000,26.41606333,-80.16457500,1.90,13.852,-27.752,0.000,,15,24,,
T,2026-07-24 12:05:00.000,26.41606333,-80.16457667,1.90,14.052,-27.752,0.000,,15,24,,
T,2026-07-24 12:05:01.000,26.41606167,-80.16457833,1.80,14.352,-27.752,0.000,,15,24,,
T,2026-07-24 12:05:02.000,26.41606167,-80.16457833,1.80,14.352,-27.752,0.000,,15,24,,
T,2026-07-24 12:05:03.000,26.41606167,-80.16457833,1.90,14.352,-27.752,0.000,,14,24,,
T,2026-07-24 12:05:04.000,26.41606167,-80.16457833,1.80,14.352,-27.752,0.000,,14,24,,
T,2026-07-24 12:05:05.000,26.41606167,-80.16457833,1.80,14.352,-27.752,0.000,,14,24,,
T,2026-07-24 12:05:06.000,26.41606167,-80.16457833,1.80,14.352,-27.752,0.000,,14,24,,
T,2026-07-24 12:05:07.000,26.41606167,-80.16457833,1.70,14.352,-27.752,0.000,,14,25,,
T,2026-07-24 12:05:08.000,26.41606167,-80.16457833,1.70,14.352,-27.752,0.000,,14,24,,
T,2026-07-24 12:05:09.000,26.41606167,-80.16457833,1.60,14.352,-27.752,0.000,,14,24,,
T,2026-07-24 12:05:10.000,26.41606167,-80.16457833,1.60,14.352,-27.752,0.000,,13,24,,
T,2026-07-24 12:05:11.000,26.41606167,-80.16457833,1.60,14.352,-27.752,0.000,,13,24,,
T,2026-07-24 12:05:12.000,26.41606167,-80.16457833,1.60,14.352,-27.752,0.000,,15,24,,
T,2026-07-24 12:05:13.000,26.41606167,-80.16457833,1.60,14.352,-27.752,0.000,,15,24,,
T,2026-07-24 12:05:14.000,26.41606167,-80.16457833,1.60,14.352,-27.752,0.000,,15,24,,
T,2026-07-24 12:05:15.000,26.41606167,-80.16457833,1.60,14.352,-27.752,0.000,,15,24,,
T,2026-07-24 12:05:16.000,26.41606167,-80.16457833,1.60,14.352,-27.752,0.000,,15,24,,
T,2026-07-24 12:05:17.000,26.41606167,-80.16457833,1.50,14.352,-27.752,0.000,,15,24,,
T,2026-07-24 12:05:18.000,26.41606167,-80.16457833,1.60,14.352,-27.752,0.000,,15,24,,
T,2026-07-24 12:05:19.000,26.41606167,-80.16457833,1.60,14.352,-27.752,0.000,,15,24,,
T,2026-07-24 12:05:20.000,26.41606167,-80.16457833,1.60,14.352,-27.752,0.000,,15,24,,
T,2026-07-24 12:05:21.000,26.41606167,-80.16457833,1.80,14.352,-27.752,0.000,,15,24,,
T,2026-07-24 12:05:22.000,26.41606167,-80.16457833,1.80,14.352,-27.752,0.000,,15,24,,
T,2026-07-24 12:05:23.000,26.41606167,-80.16457833,1.90,14.352,-27.752,0.000,,15,24,,
T,2026-07-24 12:05:24.000,26.41606167,-80.16457833,1.90,14.352,-27.752,0.000,,15,24,,
T,2026-07-24 12:05:25.000,26.41606167,-80.16457833,1.80,14.352,-27.752,0.000,,15,24,,
T,2026-07-24 12:05:26.000,26.41606167,-80.16457833,1.80,14.352,-27.752,0.000,,15,24,,
T,2026-07-24 12:05:27.000,26.41606167,-80.16457833,1.80,14.352,-27.752,0.000,,15,24,,
T,2026-07-24 12:05:28.000,26.41606167,-80.16457833,1.80,14.352,-27.752,0.000,,14,24,,
T,2026-07-24 12:05:29.000,26.41606167,-80.16457833,1.70,14.352,-27.752,0.000,,14,24,,
T,2026-07-24 12:05:30.000,26.41606167,-80.16457833,1.70,14.352,-27.752,0.000,,15,24,,
T,2026-07-24 12:05:31.000,26.41606167,-80.16457833,1.70,14.352,-27.752,0.000,,15,24,,
T,2026-07-24 12:05:32.000,26.41606167,-80.16457833,1.70,14.352,-27.752,0.000,,15,24,,
T,2026-07-24 12:05:33.000,26.41606167,-80.16457833,1.60,14.352,-27.752,0.000,,15,24,,
T,2026-07-24 12:05:34.000,26.41606167,-80.16457833,1.70,14.352,-27.752,0.000,,15,24,,
T,2026-07-24 12:05:35.000,26.41606167,-80.16457833,1.70,14.352,-27.752,0.000,,14,24,,
T,2026-07-24 12:05:36.000,26.41606167,-80.16457833,1.70,14.352,-27.752,0.000,,14,24,,
T,2026-07-24 12:05:37.000,26.41606167,-80.16457833,1.80,14.352,-27.752,0.000,,14,24,,
T,2026-07-24 12:05:38.000,26.41606167,-80.16457833,1.70,14.352,-27.752,0.000,,14,24,,
T,2026-07-24 12:05:39.000,26.41606167,-80.16457833,1.90,14.352,-27.752,0.000,,14,24,,
T,2026-07-24 12:05:40.000,26.41606167,-80.16457833,1.80,14.352,-27.752,0.000,,14,24,,
T,2026-07-24 12:05:41.000,26.41606167,-80.16457833,1.80,14.352,-27.752,0.000,,14,24,,
T,2026-07-24 12:05:42.000,26.41604833,-80.16464833,1.80,17.451,-27.751,0.360,224,15,24,,
T,2026-07-24 12:05:43.000,26.41603833,-80.16465333,1.80,17.151,-27.751,0.401,213,15,24,,
T,2026-07-24 12:05:44.000,26.41602833,-80.16465833,1.80,16.951,-27.751,0.459,180,15,24,,
T,2026-07-24 12:05:45.000,26.41602167,-80.16466333,1.80,16.551,-27.751,0.546,214,15,24,,
T,2026-07-24 12:05:46.000,26.41601333,-80.16466667,1.80,16.051,-27.751,0.579,183,15,24,,
T,2026-07-24 12:05:47.000,26.41601000,-80.16467000,1.80,15.651,-27.751,0.623,198,15,24,,
T,2026-07-24 12:05:48.000,26.41600167,-80.16467000,1.70,15.151,-27.751,0.675,204,15,24,,
T,2026-07-24 12:05:49.000,26.41599500,-80.16467167,1.70,14.651,-27.751,0.709,207,15,24,,
T,2026-07-24 12:05:50.000,26.41598667,-80.16467333,1.70,14.151,-27.751,0.713,191,15,24,,
T,2026-07-24 12:05:51.000,26.41598500,-80.16467667,1.70,14.051,-27.751,0.651,182,15,24,,
T,2026-07-24 12:05:52.000,26.41597833,-80.16467667,1.70,13.951,-27.751,0.595,143,15,24,,
T,2026-07-24 12:05:53.000,26.41597333,-80.16467500,1.60,13.751,-27.751,0.529,135,15,24,,
T,2026-07-24 12:05:54.000,26.41597000,-80.16467667,1.60,13.451,-27.751,0.466,137,15,24,,
T,2026-07-24 12:05:55.000,26.41596667,-80.16467667,1.50,13.151,-27.751,0.000,,15,24,,
T,2026-07-24 12:05:56.000,26.41596667,-80.16467833,1.50,12.751,-27.751,0.000,,15,24,,
T,2026-07-24 12:05:57.000,26.41596667,-80.16467667,1.40,12.451,-27.751,0.000,,16,24,,
T,2026-07-24 12:05:58.000,26.41596667,-80.16467667,1.40,12.451,-27.751,0.000,,16,24,,
T,2026-07-24 12:05:59.000,26.41596667,-80.16467667,1.40,12.451,-27.751,0.000,,16,24,,
T,2026-07-24 12:06:00.000,26.41596667,-80.16467667,1.30,12.451,-27.751,0.000,,16,24,,
T,2026-07-24 12:06:01.000,26.41596167,-80.16467833,1.40,11.951,-27.751,0.221,217,16,24,,
T,2026-07-24 12:06:02.000,26.41596000,-80.16468167,1.50,11.751,-27.751,0.000,,16,24,,
T,2026-07-24 12:06:03.000,26.41596000,-80.16468500,1.50,11.651,-27.751,0.000,,16,24,,
T,2026-07-24 12:06:04.000,26.41595833,-80.16469333,1.50,11.551,-27.751,0.307,241,16,24,,
T,2026-07-24 12:06:05.000,26.41595667,-80.16470333,1.60,11.551,-27.751,0.370,251,16,24,,
T,2026-07-24 12:06:06.000,26.41595500,-80.16471000,1.60,11.351,-27.751,0.426,231,16,24,,
T,2026-07-24 12:06:07.000,26.41595333,-80.16471500,1.70,11.251,-27.751,0.472,232,16,24,,
T,2026-07-24 12:06:08.000,26.41595167,-80.16471833,1.70,11.351,-27.751,0.515,229,16,24,,
T,2026-07-24 12:06:09.000,26.41595500,-80.16471667,1.80,11.551,-27.751,0.508,215,16,24,,
T,2026-07-24 12:06:10.000,26.41595833,-80.16471167,1.80,11.851,-27.751,0.464,49,16,24,,
T,2026-07-24 12:06:11.000,26.41596000,-80.16470667,1.80,11.851,-27.751,0.445,69,16,24,,
T,2026-07-24 12:06:12.000,26.41595667,-80.16470167,1.90,11.951,-27.751,0.445,88,16,24,,
T,2026-07-24 12:06:13.000,26.41595500,-80.16469333,1.80,11.751,-27.751,0.474,97,16,24,,
T,2026-07-24 12:06:14.000,26.41595167,-80.16468500,1.90,11.551,-27.751,0.479,118,16,24,,
T,2026-07-24 12:06:15.000,26.41594167,-80.16468167,1.80,11.651,-27.751,0.424,152,16,24,,
T,2026-07-24 12:06:16.000,26.41593833,-80.16468000,1.70,11.851,-27.751,0.000,,16,24,,
T,2026-07-24 12:06:17.000,26.41594000,-80.16467500,1.70,12.251,-27.751,0.000,,16,24,,
T,2026-07-24 12:06:18.000,26.41593833,-80.16467333,1.60,12.451,-27.751,0.000,,16,24,,
T,2026-07-24 12:06:19.000,26.41593833,-80.16467333,1.60,12.451,-27.751,0.000,,16,24,,
T,2026-07-24 12:06:20.000,26.41593833,-80.16467333,1.60,12.451,-27.751,0.000,,15,24,,
T,2026-07-24 12:06:21.000,26.41593833,-80.16467333,1.60,12.451,-27.751,0.000,,16,24,,
T,2026-07-24 12:06:22.000,26.41593833,-80.16467333,1.50,12.451,-27.751,0.000,,16,24,,
T,2026-07-24 12:06:23.000,26.41593833,-80.16467333,1.50,12.451,-27.751,0.000,,16,24,,
T,2026-07-24 12:06:24.000,26.41593833,-80.16467333,1.50,12.451,-27.751,0.000,,16,24,,
T,2026-07-24 12:06:25.000,26.41593833,-80.16467333,1.40,12.451,-27.751,0.000,,16,24,,
T,2026-07-24 12:06:26.000,26.41593833,-80.16467333,1.40,12.451,-27.751,0.000,,16,24,,
T,2026-07-24 12:06:27.000,26.41593833,-80.16467333,1.40,12.451,-27.751,0.000,,16,24,,
T,2026-07-24 12:06:28.000,26.41593833,-80.16467333,1.40,12.451,-27.751,0.000,,16,24,,
T,2026-07-24 12:06:29.000,26.41593833,-80.16467333,1.40,12.451,-27.751,0.000,,16,24,,
T,2026-07-24 12:06:30.000,26.41593833,-80.16467333,1.40,12.451,-27.751,0.000,,16,24,,
T,2026-07-24 12:06:31.000,26.41593833,-80.16467333,1.40,12.451,-27.751,0.000,,16,24,,
T,2026-07-24 12:06:32.000,26.41593833,-80.16467333,1.40,12.451,-27.751,0.000,,16,24,,
T,2026-07-24 12:06:33.000,26.41593833,-80.16467333,1.40,12.451,-27.751,0.000,,16,24,,
T,2026-07-24 12:06:34.000,26.41593833,-80.16467333,1.40,12.451,-27.751,0.000,,16,24,,
T,2026-07-24 12:06:35.000,26.41593833,-80.16467333,1.40,12.451,-27.751,0.000,,15,24,,
T,2026-07-24 12:06:36.000,26.41593833,-80.16467333,1.40,12.451,-27.751,0.000,,15,24,,
T,2026-07-24 12:06:37.000,26.41593833,-80.16467333,1.40,12.451,-27.751,0.000,,15,24,,
T,2026-07-24 12:06:38.000,26.41593833,-80.16467333,1.40,12.451,-27.751,0.000,,15,24,,
T,2026-07-24 12:06:39.000,26.41593833,-80.16467333,1.40,12.451,-27.751,0.000,,15,24,,
T,2026-07-24 12:06:40.000,26.41593833,-80.16467333,1.40,12.451,-27.751,0.000,,15,24,,
T,2026-07-24 12:06:41.000,26.41593833,-80.16467333,1.50,12.451,-27.751,0.000,,15,24,,
T,2026-07-24 12:06:42.000,26.41593833,-80.16467333,1.50,12.451,-27.751,0.000,,15,24,,
T,2026-07-24 12:06:43.000,26.41593833,-80.16467333,1.50,12.451,-27.751,0.000,,15,24,,
T,2026-07-24 12:06:44.000,26.41593833,-80.16467333,1.50,12.451,-27.751,0.000,,15,24,,
T,2026-07-24 12:06:45.000,26.41593833,-80.16467333,1.50,12.451,-27.751,0.000,,15,24,,
T,2026-07-24 12:06:46.000,26.41593833,-80.16467333,1.50,12.451,-27.751,0.000,,15,24,,
T,2026-07-24 12:06:47.000,26.41593833,-80.16467333,1.50,12.451,-27.751,0.000,,15,24,,
T,2026-07-24 12:06:48.000,26.41593833,-80.16467333,1.50,12.451,-27.751,0.000,,15,24,,
T,2026-07-24 12:06:49.000,26.41593833,-80.16467333,1.50,12.451,-27.751,0.000,,15,24,,
T,2026-07-24 12:06:50.000,26.41593833,-80.16467333,1.50,12.451,-27.751,0.000,,15,24,,
T,2026-07-24 12:06:51.000,26.41593833,-80.16467333,1.50,12.451,-27.751,0.000,,15,24,,
T,2026-07-24 12:06:52.000,26.41593833,-80.16467333,1.50,12.451,-27.751,0.000,,15,24,,
T,2026-07-24 12:06:53.000,26.41593833,-80.16467333,1.50,12.451,-27.751,0.000,,15,24,,
T,2026-07-24 12:06:54.000,26.41593833,-80.16467333,1.40,12.451,-27.751,0.000,,15,24,,
T,2026-07-24 12:06:55.000,26.41593833,-80.16467333,1.50,12.451,-27.751,0.000,,15,24,,
T,2026-07-24 12:06:56.000,26.41593833,-80.16467333,1.50,12.451,-27.751,0.000,,15,24,,
T,2026-07-24 12:06:57.000,26.41593833,-80.16467333,1.50,12.451,-27.751,0.000,,15,24,,
T,2026-07-24 12:06:58.000,26.41593833,-80.16467333,1.50,12.451,-27.751,0.000,,15,24,,
T,2026-07-24 12:06:59.000,26.41593833,-80.16467333,1.50,12.451,-27.751,0.000,,15,24,,
T,2026-07-24 12:07:00.000,26.41593833,-80.16467333,1.50,12.451,-27.751,0.000,,15,24,,
T,2026-07-24 12:07:01.000,26.41593833,-80.16467333,1.40,12.451,-27.751,0.000,,15,24,,
T,2026-07-24 12:07:02.000,26.41593833,-80.16467333,1.40,12.451,-27.751,0.000,,15,24,,
T,2026-07-24 12:07:03.000,26.41593833,-80.16467333,1.40,12.451,-27.751,0.000,,15,24,,
T,2026-07-24 12:07:04.000,26.41593833,-80.16467333,1.40,12.451,-27.751,0.000,,14,24,,
T,2026-07-24 12:07:05.000,26.41593833,-80.16467333,1.40,12.451,-27.751,0.000,,14,24,,
T,2026-07-24 12:07:06.000,26.41593833,-80.16467333,1.40,12.451,-27.751,0.000,,14,24,,
T,2026-07-24 12:07:07.000,26.41593833,-80.16467333,1.40,12.451,-27.751,0.000,,14,24,,
T,2026-07-24 12:07:08.000,26.41593833,-80.16467333,1.40,12.451,-27.751,0.000,,14,24,,
T,2026-07-24 12:07:09.000,26.41593833,-80.16467333,1.40,12.451,-27.751,0.000,,14,24,,
T,2026-07-24 12:07:10.000,26.41593833,-80.16467333,1.40,12.451,-27.751,0.000,,15,24,,
T,2026-07-24 12:07:11.000,26.41593833,-80.16467333,1.40,12.451,-27.751,0.000,,15,24,,
T,2026-07-24 12:07:12.000,26.41593833,-80.16467333,1.40,12.451,-27.751,0.000,,16,24,,
T,2026-07-24 12:07:13.000,26.41593833,-80.16467333,1.40,12.451,-27.751,0.000,,16,24,,
T,2026-07-24 12:07:14.000,26.41593833,-80.16467333,1.40,12.451,-27.751,0.000,,16,24,,
T,2026-07-24 12:07:15.000,26.41593833,-80.16467333,1.40,12.451,-27.751,0.000,,16,24,,
T,2026-07-24 12:07:16.000,26.41593833,-80.16467333,1.40,12.451,-27.751,0.000,,16,24,,
T,2026-07-24 12:07:17.000,26.41593833,-80.16467333,1.40,12.451,-27.751,0.000,,16,24,,
T,2026-07-24 12:07:18.000,26.41593833,-80.16467333,1.60,12.451,-27.751,0.000,,16,24,,
T,2026-07-24 12:07:19.000,26.41593833,-80.16467333,1.60,12.451,-27.751,0.000,,16,24,,
T,2026-07-24 12:07:20.000,26.41593833,-80.16467333,1.50,12.451,-27.751,0.000,,16,24,,
T,2026-07-24 12:07:21.000,26.41593833,-80.16467333,1.50,12.451,-27.751,0.000,,16,24,,
T,2026-07-24 12:07:22.000,26.41593833,-80.16467333,1.50,12.451,-27.751,0.000,,16,24,,
T,2026-07-24 12:07:23.000,26.41593833,-80.16467333,1.40,12.451,-27.751,0.000,,16,24,,
T,2026-07-24 12:07:24.000,26.41593833,-80.16467333,1.40,12.451,-27.751,0.000,,16,24,,
T,2026-07-24 12:07:25.000,26.41593833,-80.16467333,1.40,12.451,-27.751,0.000,,16,24,,
T,2026-07-24 12:07:26.000,26.41593833,-80.16467333,1.40,12.451,-27.751,0.000,,16,24,,
T,2026-07-24 12:07:27.000,26.41593833,-80.16467333,1.40,12.451,-27.751,0.000,,16,24,,
T,2026-07-24 12:07:28.000,26.41593833,-80.16467333,1.40,12.451,-27.751,0.000,,15,24,,
T,2026-07-24 12:07:29.000,26.41593833,-80.16467333,1.40,12.451,-27.751,0.000,,15,24,,
T,2026-07-24 12:07:30.000,26.41593833,-80.16467333,1.50,12.451,-27.751,0.000,,15,24,,
T,2026-07-24 12:07:31.000,26.41593833,-80.16467333,1.50,12.451,-27.751,0.000,,15,24,,
T,2026-07-24 12:07:32.000,26.41593833,-80.16467333,1.50,12.451,-27.751,0.000,,15,24,,
T,2026-07-24 12:07:33.000,26.41593833,-80.16467333,1.50,12.451,-27.751,0.000,,15,24,,
T,2026-07-24 12:07:34.000,26.41593833,-80.16467333,1.40,12.451,-27.751,0.000,,15,24,,
T,2026-07-24 12:07:35.000,26.41593833,-80.16467333,1.40,12.451,-27.751,0.000,,15,24,,
T,2026-07-24 12:07:36.000,26.41593833,-80.16467333,1.40,12.451,-27.751,0.000,,15,24,,
T,2026-07-24 12:07:37.000,26.41593833,-80.16467333,1.40,12.451,-27.751,0.000,,15,24,,
T,2026-07-24 12:07:38.000,26.41593833,-80.16467333,1.40,12.451,-27.751,0.000,,15,24,,
T,2026-07-24 12:07:39.000,26.41593833,-80.16467333,1.40,12.451,-27.751,0.000,,15,24,,
T,2026-07-24 12:07:40.000,26.41593833,-80.16467333,1.40,12.451,-27.751,0.000,,15,24,,
T,2026-07-24 12:07:41.000,26.41593833,-80.16467333,1.40,12.451,-27.751,0.000,,15,24,,
T,2026-07-24 12:07:42.000,26.41593833,-80.16467333,1.40,12.451,-27.751,0.000,,15,24,,
T,2026-07-24 12:07:43.000,26.41593833,-80.16467333,1.40,12.451,-27.751,0.000,,15,24,,
T,2026-07-24 12:07:44.000,26.41593833,-80.16467333,1.40,12.451,-27.751,0.000,,15,24,,
T,2026-07-24 12:07:45.000,26.41593833,-80.16467333,1.40,12.451,-27.751,0.000,,15,24,,
T,2026-07-24 12:07:46.000,26.41593833,-80.16467333,1.40,12.451,-27.751,0.000,,15,24,,
T,2026-07-24 12:07:47.000,26.41593833,-80.16467333,1.30,12.451,-27.751,0.000,,15,24,,
T,2026-07-24 12:07:48.000,26.41593833,-80.16467333,1.30,12.451,-27.751,0.000,,15,24,,
T,2026-07-24 12:07:49.000,26.41593833,-80.16467333,1.30,12.451,-27.751,0.000,,15,24,,
T,2026-07-24 12:07:50.000,26.41593833,-80.16467333,1.30,12.451,-27.751,0.000,,15,24,,
T,2026-07-24 12:07:51.000,26.41593833,-80.16467333,1.40,12.451,-27.751,0.000,,16,24,,
T,2026-07-24 12:07:52.000,26.41593833,-80.16467333,1.40,12.451,-27.751,0.000,,16,24,,
T,2026-07-24 12:07:53.000,26.41593833,-80.16467333,1.30,12.451,-27.751,0.000,,16,24,,
T,2026-07-24 12:07:54.000,26.41593833,-80.16467333,1.30,12.451,-27.751,0.000,,16,24,,
T,2026-07-24 12:07:55.000,26.41593833,-80.16467333,1.30,12.451,-27.751,0.000,,17,24,,
T,2026-07-24 12:07:56.000,26.41593833,-80.16467333,1.30,12.451,-27.751,0.000,,17,24,,
T,2026-07-24 12:07:57.000,26.41593833,-80.16467333,1.30,12.451,-27.751,0.000,,17,24,,
T,2026-07-24 12:07:58.000,26.41593833,-80.16467333,1.30,12.451,-27.751,0.000,,17,24,,
T,2026-07-24 12:07:59.000,26.41593833,-80.16467333,1.30,12.451,-27.751,0.000,,17,24,,
T,2026-07-24 12:08:00.000,26.41593833,-80.16467333,1.30,12.451,-27.751,0.000,,17,24,,
T,2026-07-24 12:08:01.000,26.41593833,-80.16467333,1.40,12.451,-27.751,0.000,,17,24,,
T,2026-07-24 12:08:02.000,26.41593833,-80.16467333,1.40,12.451,-27.751,0.000,,17,24,,
T,2026-07-24 12:08:03.000,26.41593833,-80.16467333,1.40,12.451,-27.751,0.000,,17,24,,
T,2026-07-24 12:08:04.000,26.41593833,-80.16467333,1.40,12.451,-27.751,0.000,,17,24,,
T,2026-07-24 12:08:05.000,26.41593833,-80.16467333,1.40,12.451,-27.751,0.000,,17,24,,
T,2026-07-24 12:08:06.000,26.41593833,-80.16467333,1.40,12.451,-27.751,0.000,,17,24,,
T,2026-07-24 12:08:07.000,26.41593833,-80.16467333,1.40,12.451,-27.751,0.000,,17,24,,
T,2026-07-24 12:08:08.000,26.41593833,-80.16467333,1.40,12.451,-27.751,0.000,,17,24,,
T,2026-07-24 12:08:09.000,26.41591000,-80.16470167,1.50,8.951,-27.751,0.262,196,17,24,,
T,2026-07-24 12:08:10.000,26.41589500,-80.16470333,1.60,9.251,-27.751,0.426,191,17,24,,
T,2026-07-24 12:08:11.000,26.41587667,-80.16470667,1.60,9.851,-27.751,0.616,194,17,24,,
T,2026-07-24 12:08:12.000,26.41585833,-80.16471000,1.60,10.851,-27.751,0.833,194,17,24,,
T,2026-07-24 12:08:13.000,26.41584000,-80.16471500,1.70,11.351,-27.751,1.053,200,17,24,,
T,2026-07-24 12:08:14.000,26.41582167,-80.16472000,1.80,11.951,-27.751,1.331,194,17,24,,
T,2026-07-24 12:08:15.000,26.41580167,-80.16472333,1.80,13.051,-27.751,1.562,197,17,24,,
T,2026-07-24 12:08:16.000,26.41578333,-80.16472667,1.80,13.551,-27.751,1.829,188,17,24,,
T,2026-07-24 12:08:17.000,26.41575833,-80.16472833,1.80,14.251,-27.751,2.067,185,17,24,,
T,2026-07-24 12:08:18.000,26.41572833,-80.16472333,1.80,14.051,-27.751,2.260,178,17,24,,
T,2026-07-24 12:08:19.000,26.41570500,-80.16471667,1.80,12.451,-27.751,2.403,182,17,24,,
T,2026-07-24 12:08:20.000,26.41568000,-80.16470833,1.80,11.451,-27.751,2.469,176,17,24,,
T,2026-07-24 12:08:21.000,26.41565000,-80.16471000,1.80,10.751,-27.751,2.564,178,17,24,,
T,2026-07-24 12:08:22.000,26.41562333,-80.16470833,1.80,9.651,-27.751,2.620,177,17,24,,
T,2026-07-24 12:08:23.000,26.41560000,-80.16470500,1.80,8.551,-27.751,2.659,175,17,24,,
T,2026-07-24 12:08:24.000,26.41557000,-80.16470167,1.80,7.751,-27.751,2.681,175,17,24,,
T,2026-07-24 12:08:25.000,26.41554167,-80.16469333,1.90,6.751,-27.751,2.754,169,17,24,,
T,2026-07-24 12:08:26.000,26.41551333,-80.16468333,2.10,5.951,-27.751,2.784,164,17,24,,
T,2026-07-24 12:08:27.000,26.41549000,-80.16467333,2.20,5.351,-27.751,2.810,161,17,24,,
T,2026-07-24 12:08:28.000,26.41546333,-80.16465833,2.30,4.751,-27.751,2.870,155,17,24,,
T,2026-07-24 12:08:29.000,26.41543500,-80.16463833,2.00,4.751,-27.751,2.977,149,17,24,,
T,2026-07-24 12:08:30.000,26.41541167,-80.16461833,2.10,4.551,-27.751,3.068,144,17,24,,
T,2026-07-24 12:08:31.000,26.41538667,-80.16459833,2.20,4.251,-27.751,3.123,140,17,24,,
T,2026-07-24 12:08:32.000,26.41536500,-80.16457500,2.20,4.251,-27.751,3.200,136,17,24,,
T,2026-07-24 12:08:33.000,26.41534500,-80.16454833,2.20,4.151,-27.751,3.294,131,17,24,,
T,2026-07-24 12:08:34.000,26.41532000,-80.16452000,2.30,3.951,-27.751,3.332,137,17,24,,
T,2026-07-24 12:08:35.000,26.41529500,-80.16449167,2.30,3.352,-27.752,3.348,134,17,24,,
T,2026-07-24 12:08:36.000,26.41527333,-80.16446167,2.30,3.052,-27.752,3.383,128,17,24,,
T,2026-07-24 12:08:37.000,26.41525167,-80.16443167,2.30,3.052,-27.752,3.422,125,17,24,,
T,2026-07-24 12:08:38.000,26.41523333,-80.16440167,2.30,3.352,-27.752,3.442,119,17,24,,
T,2026-07-24 12:08:39.000,26.41521500,-80.16436833,2.30,3.452,-27.752,3.456,116,17,24,,
T,2026-07-24 12:08:40.000,26.41520000,-80.16433000,2.30,3.752,-27.752,3.501,114,17,24,,
T,2026-07-24 12:08:41.000,26.41518667,-80.16429333,2.30,3.852,-27.752,3.521,105,17,24,,
T,2026-07-24 12:08:42.000,26.41517833,-80.16425833,2.30,4.052,-27.752,3.530,105,17,24,,
T,2026-07-24 12:08:43.000,26.41517333,-80.16422167,2.30,4.553,-27.753,3.544,102,17,24,,
T,2026-07-24 12:08:44.000,26.41516500,-80.16418500,2.30,5.053,-27.753,3.580,103,17,24,,
T,2026-07-24 12:08:45.000,26.41515833,-80.16414500,2.30,5.653,-27.753,3.616,96,17,24,,
T,2026-07-24 12:08:46.000,26.41515667,-80.16410667,2.30,5.953,-27.753,3.632,96,17,24,,
T,2026-07-24 12:08:47.000,26.41515500,-80.16407000,2.30,6.153,-27.753,3.658,94,17,24,,
T,2026-07-24 12:08:48.000,26.41515500,-80.16403333,2.30,6.153,-27.753,3.674,89,17,24,,
T,2026-07-24 12:08:49.000,26.41516333,-80.16400500,2.30,5.553,-27.753,3.661,87,17,24,,
T,2026-07-24 12:08:50.000,26.41517000,-80.16397667,2.30,5.154,-27.754,3.624,77,17,24,,
T,2026-07-24 12:08:51.000,26.41518167,-80.16394167,2.30,4.954,-27.754,3.597,70,17,24,,
T,2026-07-24 12:08:52.000,26.41519333,-80.16391667,2.30,4.554,-27.754,3.542,69,17,24,,
T,2026-07-24 12:08:53.000,26.41520667,-80.16389333,2.40,4.154,-27.754,3.462,65,17,24,,
T,2026-07-24 12:08:54.000,26.41521833,-80.16387500,2.40,3.454,-27.754,3.346,61,17,24,,
T,2026-07-24 12:08:55.000,26.41522000,-80.16386667,2.00,3.054,-27.754,3.187,55,17,24,,
T,2026-07-24 12:08:56.000,26.41521500,-80.16385000,1.80,2.754,-27.754,2.935,80,17,24,,
T,2026-07-24 12:08:57.000,26.41521167,-80.16383833,1.80,2.154,-27.754,2.690,93,17,24,,
T,2026-07-24 12:08:58.000,26.41521000,-80.16382500,1.80,1.754,-27.754,2.449,116,17,24,,
T,2026-07-24 12:08:59.000,26.41520000,-80.16380667,1.80,1.954,-27.754,2.278,135,17,24,,
T,2026-07-24 12:09:00.000,26.41519000,-80.16379500,1.80,1.654,-27.754,2.099,151,17,24,,
T,2026-07-24 12:09:01.000,26.41517333,-80.16378500,1.80,1.754,-27.754,1.948,149,17,24,,
T,2026-07-24 12:09:02.000,26.41515000,-80.16377167,1.80,1.454,-27.754,1.856,149,17,24,,
T,2026-07-24 12:09:03.000,26.41512333,-80.16375167,1.90,1.454,-27.754,1.862,146,17,24,,
T,2026-07-24 12:09:04.000,26.41509333,-80.16373000,1.90,1.655,-27.755,1.934,139,17,24,,
T,2026-07-24 12:09:05.000,26.41506333,-80.16370667,1.90,2.155,-27.755,2.069,147,17,24,,
T,2026-07-24 12:09:06.000,26.41503667,-80.16368833,2.00,2.255,-27.755,2.307,151,17,24,,
T,2026-07-24 12:09:07.000,26.41501333,-80.16367667,2.20,1.955,-27.755,2.514,150,17,24,,
T,2026-07-24 12:09:08.000,26.41499000,-80.16366500,2.30,1.655,-27.755,2.691,153,17,24,,
T,2026-07-24 12:09:09.000,26.41496833,-80.16365333,2.30,1.255,-27.755,2.828,148,17,24,,
T,2026-07-24 12:09:10.000,26.41495000,-80.16363500,2.00,0.855,-27.755,2.932,151,17,24,,
T,2026-07-24 12:09:11.000,26.41493167,-80.16362667,2.20,0.255,-27.755,2.985,152,17,24,,
T,2026-07-24 12:09:12.000,26.41491500,-80.16361167,1.90,0.855,-27.755,3.007,152,17,24,,
T,2026-07-24 12:09:13.000,26.41489667,-80.16359333,1.80,1.755,-27.755,2.906,154,17,24,,
T,2026-07-24 12:09:14.000,26.41488167,-80.16358500,1.80,2.355,-27.755,2.703,158,17,24,,
T,2026-07-24 12:09:15.000,26.41486833,-80.16358000,1.70,2.655,-27.755,2.437,160,17,24,,
T,2026-07-24 12:09:16.000,26.41486167,-80.16357833,1.70,2.855,-27.755,2.153,160,17,24,,
T,2026-07-24 12:09:17.000,26.41485500,-80.16357333,1.60,3.155,-27.755,1.849,160,17,24,,
T,2026-07-24 12:09:18.000,26.41485333,-80.16357000,1.50,3.055,-27.755,1.562,140,17,24,,
T,2026-07-24 12:09:19.000,26.41485333,-80.16356833,1.40,3.255,-27.755,1.269,220,17,24,,
T,2026-07-24 12:09:20.000,26.41485000,-80.16356833,1.40,3.355,-27.755,1.010,226,17,24,,
T,2026-07-24 12:09:21.000,26.41484833,-80.16356667,1.40,3.555,-27.755,0.764,167,17,24,,
T,2026-07-24 12:09:22.000,26.41484833,-80.16356500,1.30,3.855,-27.755,0.528,162,17,24,,
T,2026-07-24 12:09:23.000,26.41484667,-80.16356500,1.30,4.055,-27.755,0.000,,17,24,,
T,2026-07-24 12:09:24.000,26.41484500,-80.16356500,1.30,4.255,-27.755,0.000,,16,24,,
T,2026-07-24 12:09:25.000,26.41484500,-80.16356333,1.30,4.455,-27.755,0.000,,17,24,,
T,2026-07-24 12:09:26.000,26.41484500,-80.16356333,1.30,4.455,-27.755,0.000,,17,24,,
T,2026-07-24 12:09:27.000,26.41484500,-80.16356333,1.30,4.455,-27.755,0.000,,17,24,,
T,2026-07-24 12:09:28.000,26.41484500,-80.16356333,1.30,4.455,-27.755,0.000,,17,24,,
T,2026-07-24 12:09:29.000,26.41484500,-80.16356333,1.30,4.455,-27.755,0.000,,17,24,,
T,2026-07-24 12:09:30.000,26.41484500,-80.16356333,1.40,4.455,-27.755,0.000,,17,24,,
T,2026-07-24 12:09:31.000,26.41484500,-80.16356333,1.40,4.455,-27.755,0.000,,17,24,,
T,2026-07-24 12:09:32.000,26.41484500,-80.16356333,1.40,4.455,-27.755,0.000,,17,24,,
T,2026-07-24 12:09:33.000,26.41482000,-80.16353833,1.50,6.155,-27.755,0.405,161,17,24,,
T,2026-07-24 12:09:34.000,26.41479833,-80.16353000,1.70,6.255,-27.755,0.652,163,17,24,,
T,2026-07-24 12:09:35.000,26.41477000,-80.16352000,1.70,6.255,-27.755,0.919,172,17,24,,
T,2026-07-24 12:09:36.000,26.41474333,-80.16351500,1.70,7.155,-27.755,1.199,177,17,24,,
T,2026-07-24 12:09:37.000,26.41471500,-80.16351667,1.70,7.455,-27.755,1.480,186,17,24,,
T,2026-07-24 12:09:38.000,26.41469500,-80.16352167,1.70,8.555,-27.755,1.776,186,17,24,,
T,2026-07-24 12:09:39.000,26.41467000,-80.16353000,1.70,9.055,-27.755,2.059,198,17,24,,
T,2026-07-24 12:09:40.000,26.41464167,-80.16353833,1.90,9.055,-27.755,2.346,196,16,24,,
T,2026-07-24 12:09:41.000,26.41460500,-80.16355000,1.90,9.155,-27.755,2.641,199,16,24,,
T,2026-07-24 12:09:42.000,26.41458000,-80.16356000,2.00,9.355,-27.755,2.806,205,17,24,,
T,2026-07-24 12:09:43.000,26.41455667,-80.16357167,2.10,9.555,-27.755,2.851,204,17,24,,
T,2026-07-24 12:09:44.000,26.41453333,-80.16358000,1.90,9.855,-27.755,2.801,208,17,24,,
T,2026-07-24 12:09:45.000,26.41451833,-80.16359000,1.80,10.155,-27.755,2.670,216,17,24,,
T,2026-07-24 12:09:46.000,26.41451500,-80.16359333,1.70,9.955,-27.755,2.484,224,17,24,,
T,2026-07-24 12:09:47.000,26.41451333,-80.16359833,1.60,10.055,-27.755,2.204,183,17,24,,
T,2026-07-24 12:09:48.000,26.41451833,-80.16360000,1.50,9.855,-27.755,1.898,264,17,24,,
T,2026-07-24 12:09:49.000,26.41452333,-80.16360000,1.40,9.255,-27.755,1.613,304,17,24,,
T,2026-07-24 12:09:50.000,26.41452667,-80.16360000,1.40,9.155,-27.755,1.318,263,17,24,,
T,2026-07-24 12:09:51.000,26.41453167,-80.16359333,1.40,7.955,-27.755,1.009,10,17,24,,
T,2026-07-24 12:09:52.000,26.41453000,-80.16359333,1.40,8.155,-27.755,0.827,209,18,24,,
T,2026-07-24 12:09:53.000,26.41452000,-80.16359500,1.50,8.055,-27.755,0.770,193,18,24,,
T,2026-07-24 12:09:54.000,26.41449333,-80.16360167,1.60,8.055,-27.755,0.875,184,18,24,,
T,2026-07-24 12:09:55.000,26.41445833,-80.16360333,1.70,8.155,-27.755,1.076,175,18,24,,
T,2026-07-24 12:09:56.000,26.41442667,-80.16359833,1.90,8.055,-27.755,1.344,166,18,24,,
T,2026-07-24 12:09:57.000,26.41439500,-80.16358667,2.10,7.855,-27.755,1.718,159,18,24,,
T,2026-07-24 12:09:58.000,26.41436333,-80.16357000,2.20,7.755,-27.755,2.113,150,18,24,,
T,2026-07-24 12:09:59.000,26.41433500,-80.16354667,2.30,7.655,-27.755,2.501,148,18,24,,
T,2026-07-24 12:10:00.000,26.41430833,-80.16351833,2.30,7.255,-27.755,2.908,136,18,24,,
T,2026-07-24 12:10:01.000,26.41429333,-80.16348000,2.30,6.855,-27.755,3.354,119,18,24,,
T,2026-07-24 12:10:02.000,26.41427500,-80.16344167,2.40,7.455,-27.755,3.701,120,18,24,,
T,2026-07-24 12:10:03.000,26.41425667,-80.16340333,2.40,7.655,-27.755,3.909,124,18,24,,
T,2026-07-24 12:10:04.000,26.41423500,-80.16336833,2.40,8.056,-27.756,3.974,125,18,24,,
T,2026-07-24 12:10:05.000,26.41420667,-80.16333667,2.30,7.456,-27.756,4.023,127,18,24,,
T,2026-07-24 12:10:06.000,26.41418500,-80.16330333,2.30,6.856,-27.756,4.065,120,18,24,,
T,2026-07-24 12:10:07.000,26.41416500,-80.16325833,2.40,7.456,-27.756,4.154,118,18,24,,
T,2026-07-24 12:10:08.000,26.41415000,-80.16322833,2.40,6.456,-27.756,4.217,118,18,24,,
T,2026-07-24 12:10:09.000,26.41413333,-80.16319333,2.40,5.256,-27.756,4.297,117,18,24,,
T,2026-07-24 12:10:10.000,26.41411667,-80.16315833,2.40,3.856,-27.756,4.351,120,18,24,,
T,2026-07-24 12:10:11.000,26.41409667,-80.16312333,2.40,2.556,-27.756,4.376,119,18,24,,
T,2026-07-24 12:10:12.000,26.41407167,-80.16307833,2.40,2.257,-27.757,4.428,120,18,24,,
T,2026-07-24 12:10:13.000,26.41404667,-80.16303333,2.30,2.057,-27.757,4.485,120,17,24,,
T,2026-07-24 12:10:14.000,26.41402667,-80.16299667,2.20,1.157,-27.757,4.585,121,18,24,,
T,2026-07-24 12:10:15.000,26.41399667,-80.16294500,2.00,0.457,-27.757,4.667,123,18,24,,
T,2026-07-24 12:10:16.000,26.41397167,-80.16290333,2.20,0.657,-27.757,4.749,124,17,24,,
T,2026-07-24 12:10:17.000,26.41394833,-80.16286000,2.20,1.057,-27.757,4.799,123,18,24,,
T,2026-07-24 12:10:18.000,26.41392167,-80.16281833,1.80,0.958,-27.758,4.858,125,18,24,,
T,2026-07-24 12:10:19.000,26.41389333,-80.16277333,1.70,1.958,-27.758,4.890,126,18,24,,
T,2026-07-24 12:10:20.000,26.41386667,-80.16273500,1.60,2.158,-27.758,4.905,126,18,24,,
T,2026-07-24 12:10:21.000,26.41384333,-80.16269833,1.60,1.158,-27.758,4.892,129,18,24,,
T,2026-07-24 12:10:22.000,26.41381333,-80.16265333,1.60,2.058,-27.758,4.893,129,18,24,,
T,2026-07-24 12:10:23.000,26.41378833,-80.16261667,1.60,1.058,-27.758,4.940,128,18,24,,
T,2026-07-24 12:10:24.000,26.41375333,-80.16256833,1.50,2.759,-27.759,4.978,128,18,24,,
T,2026-07-24 12:10:25.000,26.41372333,-80.16252667,1.50,2.459,-27.759,4.989,128,17,24,,
T,2026-07-24 12:10:26.000,26.41370000,-80.16249167,1.50,1.759,-27.759,4.962,124,18,24,,
T,2026-07-24 12:10:27.000,26.41366667,-80.16244667,1.50,2.059,-27.759,4.963,131,18,24,,
T,2026-07-24 12:10:28.000,26.41363500,-80.16240500,1.50,1.659,-27.759,4.954,131,18,24,,
T,2026-07-24 12:10:29.000,26.41360333,-80.16236333,1.50,0.959,-27.759,4.946,131,18,24,,
T,2026-07-24 12:10:30.000,26.41357333,-80.16232333,1.50,1.060,-27.760,4.951,125,18,24,,
T,2026-07-24 12:10:31.000,26.41354500,-80.16228333,1.50,1.160,-27.760,4.963,127,18,24,,
T,2026-07-24 12:10:32.000,26.41351833,-80.16225000,1.60,1.360,-27.760,4.903,129,18,24,,
T,2026-07-24 12:10:33.000,26.41348833,-80.16221833,1.60,1.660,-27.760,4.832,133,18,24,,
T,2026-07-24 12:10:34.000,26.41346000,-80.16218667,1.70,2.160,-27.760,4.792,135,18,24,,
T,2026-07-24 12:10:35.000,26.41343500,-80.16216167,1.70,2.560,-27.760,4.714,140,18,24,,
T,2026-07-24 12:10:36.000,26.41341500,-80.16214333,1.70,2.360,-27.760,4.557,140,18,24,,
T,2026-07-24 12:10:37.000,26.41340500,-80.16213000,1.60,2.360,-27.760,4.277,138,18,24,,
T,2026-07-24 12:10:38.000,26.41338833,-80.16211167,1.60,2.760,-27.760,4.070,136,18,24,,
T,2026-07-24 12:10:39.000,26.41336833,-80.16209167,1.60,2.860,-27.760,3.944,137,18,24,,
T,2026-07-24 12:10:40.000,26.41334333,-80.16206500,1.60,3.360,-27.760,3.860,137,18,24,,
T,2026-07-24 12:10:41.000,26.41331833,-80.16204167,1.60,2.861,-27.761,3.789,140,18,24,,
T,2026-07-24 12:10:42.000,26.41329333,-80.16201333,1.60,2.361,-27.761,3.773,134,18,24,,
T,2026-07-24 12:10:43.000,26.41326833,-80.16198667,1.60,2.261,-27.761,3.756,135,18,24,,
T,2026-07-24 12:10:44.000,26.41323833,-80.16195667,1.60,2.261,-27.761,3.731,138,18,24,,
T,2026-07-24 12:10:45.000,26.41320833,-80.16193000,1.60,1.861,-27.761,3.804,141,18,24,,
T,2026-07-24 12:10:46.000,26.41317333,-80.16189667,1.60,2.261,-27.761,3.947,141,18,24,,
T,2026-07-24 12:10:47.000,26.41314167,-80.16186333,1.60,2.561,-27.761,4.175,140,18,24,,
T,2026-07-24 12:10:48.000,26.41311000,-80.16183000,1.60,2.861,-27.761,4.350,138,18,24,,
T,2026-07-24 12:10:49.000,26.41307667,-80.16179500,1.60,3.461,-27.761,4.431,138,18,24,,
T,2026-07-24 12:10:50.000,26.41304167,-80.16176333,1.50,3.762,-27.762,4.515,142,18,24,,
T,2026-07-24 12:10:51.000,26.41300667,-80.16173333,1.50,4.062,-27.762,4.580,143,18,24,,
T,2026-07-24 12:10:52.000,26.41297333,-80.16170333,1.50,4.362,-27.762,4.648,143,18,24,,
T,2026-07-24 12:10:53.000,26.41294000,-80.16167333,1.50,4.662,-27.762,4.681,144,18,24,,
T,2026-07-24 12:10:54.000,26.41290500,-80.16164833,1.50,4.362,-27.762,4.679,144,17,24,,
T,2026-07-24 12:10:55.000,26.41287500,-80.16162500,1.40,4.362,-27.762,4.587,146,18,24,,
T,2026-07-24 12:10:56.000,26.41284500,-80.16160333,1.40,4.762,-27.762,4.494,148,18,24,,
T,2026-07-24 12:10:57.000,26.41282167,-80.16158667,1.40,3.962,-27.762,4.299,147,18,24,,
T,2026-07-24 12:10:58.000,26.41280500,-80.16157833,1.60,2.962,-27.762,4.012,146,18,24,,
T,2026-07-24 12:10:59.000,26.41279333,-80.16157167,1.60,2.962,-27.762,3.653,153,18,24,,
T,2026-07-24 12:11:00.000,26.41278667,-80.16157167,1.60,2.962,-27.762,3.192,190,18,24,,
T,2026-07-24 12:11:01.000,26.41278167,-80.16157000,1.70,3.362,-27.762,2.724,239,18,24,,
T,2026-07-24 12:11:02.000,26.41278167,-80.16157000,1.60,3.662,-27.762,2.245,167,17,24,,
T,2026-07-24 12:11:03.000,26.41278167,-80.16157167,1.50,3.962,-27.762,1.789,160,17,24,,
T,2026-07-24 12:11:04.000,26.41278167,-80.16157167,1.50,4.362,-27.762,1.353,248,17,24,,
T,2026-07-24 12:11:05.000,26.41278167,-80.16157500,1.50,4.562,-27.762,0.966,308,17,24,,
T,2026-07-24 12:11:06.000,26.41278167,-80.16157500,1.40,4.662,-27.762,0.614,319,17,24,,
T,2026-07-24 12:11:07.000,26.41278000,-80.16157167,1.40,4.762,-27.762,0.000,,17,24,,
T,2026-07-24 12:11:08.000,26.41277167,-80.16156667,1.40,4.762,-27.762,0.000,,17,24,,
T,2026-07-24 12:11:09.000,26.41275167,-80.16154000,1.50,4.862,-27.762,0.530,124,17,24,,
T,2026-07-24 12:11:10.000,26.41273667,-80.16150833,1.50,4.962,-27.762,0.854,109,17,24,,
T,2026-07-24 12:11:11.000,26.41272500,-80.16147167,1.40,5.163,-27.763,1.212,100,17,24,,
T,2026-07-24 12:11:12.000,26.41272167,-80.16143167,1.40,5.563,-27.763,1.605,92,17,24,,
T,2026-07-24 12:11:13.000,26.41272333,-80.16139000,1.40,5.763,-27.763,1.989,81,17,24,,
T,2026-07-24 12:11:14.000,26.41272667,-80.16134833,1.70,5.963,-27.763,2.381,80,18,24,,
T,2026-07-24 12:11:15.000,26.41274167,-80.16130500,1.80,6.663,-27.763,2.792,68,18,24,,
T,2026-07-24 12:11:16.000,26.41276000,-80.16126833,2.00,6.863,-27.763,3.189,60,18,24,,
T,2026-07-24 12:11:17.000,26.41277833,-80.16123167,2.10,7.364,-27.764,3.541,58,18,24,,
T,2026-07-24 12:11:18.000,26.41280000,-80.16119667,2.20,7.964,-27.764,3.784,62,18,24,,
T,2026-07-24 12:11:19.000,26.41282000,-80.16116167,2.30,8.264,-27.764,3.871,58,18,24,,
T,2026-07-24 12:11:20.000,26.41284000,-80.16112667,2.30,8.464,-27.764,3.920,59,18,24,,
T,2026-07-24 12:11:21.000,26.41285833,-80.16109333,2.40,8.764,-27.764,3.970,59,18,24,,
T,2026-07-24 12:11:22.000,26.41287833,-80.16106000,2.40,8.764,-27.764,3.977,57,18,24,,
T,2026-07-24 12:11:23.000,26.41289833,-80.16103000,2.40,8.964,-27.764,3.979,61,18,24,,
T,2026-07-24 12:11:24.000,26.41291833,-80.16099667,2.40,9.365,-27.765,4.015,55,18,24,,
T,2026-07-24 12:11:25.000,26.41293833,-80.16096167,2.40,9.565,-27.765,4.010,59,18,24,,
T,2026-07-24 12:11:26.000,26.41296000,-80.16092667,2.40,9.365,-27.765,4.060,57,18,24,,
T,2026-07-24 12:11:27.000,26.41298167,-80.16088833,2.40,9.265,-27.765,4.141,54,18,24,,
T,2026-07-24 12:11:28.000,26.41300500,-80.16085000,2.50,9.165,-27.765,4.243,57,18,24,,
T,2026-07-24 12:11:29.000,26.41302833,-80.16081333,2.50,8.865,-27.765,4.295,59,18,24,,
T,2026-07-24 12:11:30.000,26.41304833,-80.16077333,2.50,8.966,-27.766,4.362,64,18,24,,
T,2026-07-24 12:11:31.000,26.41307000,-80.16073667,2.40,8.866,-27.766,4.424,56,18,24,,
T,2026-07-24 12:11:32.000,26.41309500,-80.16069833,2.50,8.766,-27.766,4.492,54,18,24,,
T,2026-07-24 12:11:33.000,26.41311833,-80.16066333,2.50,8.166,-27.766,4.557,57,18,24,,
T,2026-07-24 12:11:34.000,26.41313833,-80.16062333,2.50,7.966,-27.766,4.568,59,18,24,,
T,2026-07-24 12:11:35.000,26.41315833,-80.16058167,2.50,7.666,-27.766,4.624,62,18,24,,
T,2026-07-24 12:11:36.000,26.41317667,-80.16054167,2.50,7.267,-27.767,4.615,59,18,24,,
T,2026-07-24 12:11:37.000,26.41319833,-80.16050500,2.60,7.067,-27.767,4.548,56,18,24,,
T,2026-07-24 12:11:38.000,26.41321833,-80.16047167,2.60,7.067,-27.767,4.462,62,18,24,,
T,2026-07-24 12:11:39.000,26.41323500,-80.16043833,2.60,7.267,-27.767,4.373,64,18,24,,
T,2026-07-24 12:11:40.000,26.41324833,-80.16041000,2.50,7.467,-27.767,4.202,67,18,24,,
T,2026-07-24 12:11:41.000,26.41325833,-80.16038833,2.40,7.767,-27.767,3.930,65,18,24,,
T,2026-07-24 12:11:42.000,26.41326167,-80.16037167,1.90,10.067,-27.767,3.552,80,17,24,,
T,2026-07-24 12:11:43.000,26.41326167,-80.16036500,1.80,10.367,-27.767,3.132,81,18,24,,
T,2026-07-24 12:11:44.000,26.41326000,-80.16036167,1.80,10.767,-27.767,2.699,75,17,24,,
T,2026-07-24 12:11:45.000,26.41325833,-80.16036167,1.60,10.867,-27.767,2.243,213,17,24,,
T,2026-07-24 12:11:46.000,26.41326167,-80.16035833,1.60,10.967,-27.767,1.806,112,18,24,,
T,2026-07-24 12:11:47.000,26.41326500,-80.16035333,1.50,10.767,-27.767,1.409,334,18,24,,
T,2026-07-24 12:11:48.000,26.41326667,-80.16034667,1.40,10.567,-27.767,1.076,69,18,24,,
T,2026-07-24 12:11:49.000,26.41327000,-80.16033667,1.50,10.368,-27.768,0.790,66,18,24,,
T,2026-07-24 12:11:50.000,26.41327167,-80.16032000,1.50,10.368,-27.768,0.650,93,18,24,,
T,2026-07-24 12:11:51.000,26.41326333,-80.16029833,1.60,10.068,-27.768,0.660,120,17,24,,
T,2026-07-24 12:11:52.000,26.41324333,-80.16027167,1.60,9.868,-27.768,0.874,138,18,24,,
T,2026-07-24 12:11:53.000,26.41321667,-80.16024500,1.50,9.768,-27.768,1.217,144,18,24,,
T,2026-07-24 12:11:54.000,26.41318833,-80.16022000,1.50,9.768,-27.768,1.526,138,18,24,,
T,2026-07-24 12:11:55.000,26.41315667,-80.16019500,1.50,9.468,-27.768,1.933,147,18,24,,
T,2026-07-24 12:11:56.000,26.41312333,-80.16017167,1.50,9.168,-27.768,2.343,156,18,24,,
T,2026-07-24 12:11:57.000,26.41308667,-80.16014833,1.70,8.368,-27.768,2.733,156,18,24,,
T,2026-07-24 12:11:58.000,26.41305167,-80.16012500,1.60,7.568,-27.768,3.087,152,18,24,,
T,2026-07-24 12:11:59.000,26.41302500,-80.16011167,1.80,5.868,-27.768,3.424,154,18,24,,
T,2026-07-24 12:12:00.000,26.41299000,-80.16008667,1.60,5.468,-27.768,3.684,150,18,24,,
T,2026-07-24 12:12:01.000,26.41295500,-80.16006000,1.60,4.768,-27.768,3.908,146,18,24,,
T,2026-07-24 12:12:02.000,26.41292333,-80.16003333,1.70,4.569,-27.769,4.037,151,18,24,,
T,2026-07-24 12:12:03.000,26.41289000,-80.16001500,2.10,4.069,-27.769,4.105,154,18,24,,
T,2026-07-24 12:12:04.000,26.41285667,-80.15999833,2.00,3.569,-27.769,4.228,153,18,24,,
T,2026-07-24 12:12:05.000,26.41281500,-80.15998000,1.80,3.969,-27.769,4.259,150,18,24,,
T,2026-07-24 12:12:06.000,26.41277667,-80.15996167,1.80,3.969,-27.769,4.271,156,18,24,,
T,2026-07-24 12:12:07.000,26.41274333,-80.15994833,2.10,3.569,-27.769,4.305,158,18,24,,
T,2026-07-24 12:12:08.000,26.41270833,-80.15993333,2.20,3.469,-27.769,4.305,161,18,24,,
T,2026-07-24 12:12:09.000,26.41267167,-80.15992333,2.30,2.769,-27.769,4.326,155,18,24,,
T,2026-07-24 12:12:10.000,26.41264000,-80.15991333,2.40,3.069,-27.769,4.338,160,18,24,,
T,2026-07-24 12:12:11.000,26.41260667,-80.15991167,2.40,3.369,-27.769,4.321,162,18,24,,
T,2026-07-24 12:12:12.000,26.41256500,-80.15990000,2.40,3.869,-27.769,4.314,172,18,24,,
T,2026-07-24 12:12:13.000,26.41252167,-80.15989000,2.40,3.669,-27.769,4.308,171,18,24,,
T,2026-07-24 12:12:14.000,26.41248167,-80.15987833,2.40,3.569,-27.769,4.289,175,18,24,,
T,2026-07-24 12:12:15.000,26.41244167,-80.15987667,2.40,3.369,-27.769,4.296,170,18,24,,
T,2026-07-24 12:12:16.000,26.41240000,-80.15987000,2.50,3.269,-27.769,4.336,162,18,24,,
T,2026-07-24 12:12:17.000,26.41236000,-80.15985167,2.60,3.669,-27.769,4.362,160,18,24,,
T,2026-07-24 12:12:18.000,26.41232167,-80.15984333,2.50,3.169,-27.769,4.396,160,18,24,,
T,2026-07-24 12:12:19.000,26.41228167,-80.15982333,2.50,3.269,-27.769,4.392,161,18,24,,
T,2026-07-24 12:12:20.000,26.41224333,-80.15980833,2.60,3.169,-27.769,4.375,169,18,24,,
T,2026-07-24 12:12:21.000,26.41220667,-80.15979833,2.60,3.169,-27.769,4.347,167,18,24,,
T,2026-07-24 12:12:22.000,26.41216833,-80.15978500,2.50,2.869,-27.769,4.324,170,18,24,,
T,2026-07-24 12:12:23.000,26.41211500,-80.15976167,2.10,3.569,-27.769,4.342,170,18,24,,
T,2026-07-24 12:12:24.000,26.41206167,-80.15975000,1.90,4.769,-27.769,4.373,178,18,24,,
T,2026-07-24 12:12:25.000,26.41202667,-80.15975000,1.90,4.269,-27.769,4.395,170,18,24,,
T,2026-07-24 12:12:26.000,26.41198167,-80.15974667,1.90,4.869,-27.769,4.395,177,18,24,,
T,2026-07-24 12:12:27.000,26.41193333,-80.15974167,1.90,5.469,-27.769,4.402,175,18,24,,
T,2026-07-24 12:12:28.000,26.41189167,-80.15973833,1.90,5.669,-27.769,4.409,172,18,24,,
T,2026-07-24 12:12:29.000,26.41185333,-80.15973333,1.90,6.069,-27.769,4.438,166,18,24,,
T,2026-07-24 12:12:30.000,26.41181500,-80.15971167,1.90,6.569,-27.769,4.477,160,18,24,,
T,2026-07-24 12:12:31.000,26.41177333,-80.15969500,2.00,6.769,-27.769,4.550,164,18,24,,
T,2026-07-24 12:12:32.000,26.41173167,-80.15967167,1.90,6.469,-27.769,4.587,154,18,24,,
T,2026-07-24 12:12:33.000,26.41169833,-80.15965000,2.00,6.169,-27.769,4.577,150,18,24,,
T,2026-07-24 12:12:34.000,26.41165833,-80.15962167,1.90,6.270,-27.770,4.583,146,18,24,,
T,2026-07-24 12:12:35.000,26.41162000,-80.15958833,1.80,6.470,-27.770,4.620,143,18,24,,
T,2026-07-24 12:12:36.000,26.41159000,-80.15955833,1.70,6.370,-27.770,4.613,136,17,24,,
T,2026-07-24 12:12:37.000,26.41156000,-80.15952833,1.70,6.370,-27.770,4.632,132,18,24,,
T,2026-07-24 12:12:38.000,26.41153167,-80.15949167,1.60,6.670,-27.770,4.604,131,18,24,,
T,2026-07-24 12:12:39.000,26.41150667,-80.15946333,1.60,6.570,-27.770,4.521,133,17,24,,
T,2026-07-24 12:12:40.000,26.41147333,-80.15943833,1.70,6.570,-27.770,4.475,139,17,24,,
T,2026-07-24 12:12:41.000,26.41144667,-80.15941167,1.80,6.170,-27.770,4.415,137,18,24,,
T,2026-07-24 12:12:42.000,26.41142167,-80.15938000,1.60,5.670,-27.770,4.404,125,17,24,,
T,2026-07-24 12:12:43.000,26.41140167,-80.15934500,1.60,5.371,-27.771,4.364,117,18,24,,
T,2026-07-24 12:12:44.000,26.41138333,-80.15930500,1.60,5.871,-27.771,4.319,116,18,24,,
T,2026-07-24 12:12:45.000,26.41136833,-80.15926833,1.50,6.171,-27.771,4.155,121,18,24,,
T,2026-07-24 12:12:46.000,26.41136000,-80.15925000,1.70,5.871,-27.771,3.906,116,18,24,,
T,2026-07-24 12:12:47.000,26.41136167,-80.15924333,1.70,4.971,-27.771,3.564,104,18,24,,
T,2026-07-24 12:12:48.000,26.41135833,-80.15923167,1.70,5.271,-27.771,3.200,133,18,24,,
T,2026-07-24 12:12:49.000,26.41136000,-80.15923000,1.60,5.471,-27.771,2.843,116,18,24,,
T,2026-07-24 12:12:50.000,26.41135833,-80.15923000,1.50,5.771,-27.771,2.446,105,18,24,,
T,2026-07-24 12:12:51.000,26.41135833,-80.15923167,1.50,6.071,-27.771,2.043,279,18,24,,
T,2026-07-24 12:12:52.000,26.41135500,-80.15923000,1.40,6.071,-27.771,1.613,130,18,24,,
T,2026-07-24 12:12:53.000,26.41135500,-80.15923000,1.40,5.971,-27.771,1.215,138,18,24,,
T,2026-07-24 12:12:54.000,26.41135167,-80.15923000,1.40,5.971,-27.771,0.808,65,18,24,,
T,2026-07-24 12:12:55.000,26.41135000,-80.15923000,1.40,6.071,-27.771,0.465,273,18,24,,
T,2026-07-24 12:12:56.000,26.41135000,-80.15923167,1.50,5.971,-27.771,0.000,,18,24,,
T,2026-07-24 12:12:57.000,26.41134833,-80.15923333,1.50,5.871,-27.771,0.000,,18,24,,
T,2026-07-24 12:12:58.000,26.41134500,-80.15923333,1.40,5.671,-27.771,0.000,,18,24,,
T,2026-07-24 12:12:59.000,26.41134500,-80.15923333,1.40,5.671,-27.771,0.000,,18,24,,
T,2026-07-24 12:13:00.000,26.41134500,-80.15923333,1.40,5.671,-27.771,0.000,,18,24,,
T,2026-07-24 12:13:01.000,26.41134500,-80.15923333,1.40,5.671,-27.771,0.000,,18,24,,
T,2026-07-24 12:13:02.000,26.41134500,-80.15923333,1.40,5.671,-27.771,0.000,,18,24,,
T,2026-07-24 12:13:03.000,26.41134500,-80.15923333,1.40,5.671,-27.771,0.000,,18,24,,
T,2026-07-24 12:13:04.000,26.41134500,-80.15923333,1.40,5.671,-27.771,0.000,,17,24,,
T,2026-07-24 12:13:05.000,26.41134500,-80.15923333,1.40,5.671,-27.771,0.000,,17,24,,
T,2026-07-24 12:13:06.000,26.41134500,-80.15923333,1.40,5.671,-27.771,0.000,,17,24,,
T,2026-07-24 12:13:07.000,26.41134500,-80.15923333,1.40,5.671,-27.771,0.000,,17,24,,
T,2026-07-24 12:13:08.000,26.41134500,-80.15923333,1.40,5.671,-27.771,0.000,,17,24,,
T,2026-07-24 12:13:09.000,26.41134500,-80.15923333,1.30,5.671,-27.771,0.000,,17,24,,
T,2026-07-24 12:13:10.000,26.41134500,-80.15923333,1.30,5.671,-27.771,0.000,,17,24,,
T,2026-07-24 12:13:11.000,26.41134500,-80.15923333,1.30,5.671,-27.771,0.000,,17,24,,
T,2026-07-24 12:13:12.000,26.41134500,-80.15923333,1.30,5.671,-27.771,0.000,,18,24,,
T,2026-07-24 12:13:13.000,26.41134500,-80.15923333,1.40,5.671,-27.771,0.000,,18,24,,
T,2026-07-24 12:13:14.000,26.41134500,-80.15923333,1.30,5.671,-27.771,0.000,,18,24,,
T,2026-07-24 12:13:15.000,26.41134500,-80.15923333,1.30,5.671,-27.771,0.000,,18,24,,
T,2026-07-24 12:13:16.000,26.41134500,-80.15923333,1.30,5.671,-27.771,0.000,,18,24,,
T,2026-07-24 12:13:17.000,26.41134500,-80.15923333,1.30,5.671,-27.771,0.000,,18,24,,
T,2026-07-24 12:13:18.000,26.41134500,-80.15923333,1.30,5.671,-27.771,0.000,,18,24,,
T,2026-07-24 12:13:19.000,26.41134500,-80.15923333,1.30,5.671,-27.771,0.000,,18,24,,
T,2026-07-24 12:13:20.000,26.41134500,-80.15923333,1.30,5.671,-27.771,0.000,,18,24,,
T,2026-07-24 12:13:21.000,26.41134500,-80.15923333,1.30,5.671,-27.771,0.000,,18,24,,
T,2026-07-24 12:13:22.000,26.41134500,-80.15923333,1.30,5.671,-27.771,0.000,,18,24,,
T,2026-07-24 12:13:23.000,26.41134500,-80.15923333,1.30,5.671,-27.771,0.000,,18,24,,
T,2026-07-24 12:13:24.000,26.41134500,-80.15923333,1.30,5.671,-27.771,0.000,,18,24,,
T,2026-07-24 12:13:25.000,26.41134500,-80.15923333,1.30,5.671,-27.771,0.000,,18,24,,
T,2026-07-24 12:13:26.000,26.41134500,-80.15923333,1.30,5.671,-27.771,0.000,,18,24,,
T,2026-07-24 12:13:27.000,26.41134500,-80.15923333,1.30,5.671,-27.771,0.000,,18,24,,
T,2026-07-24 12:13:28.000,26.41134500,-80.15923333,1.30,5.671,-27.771,0.000,,18,24,,
T,2026-07-24 12:13:29.000,26.41134500,-80.15923333,1.30,5.671,-27.771,0.000,,18,24,,
T,2026-07-24 12:13:30.000,26.41134500,-80.15923333,1.30,5.671,-27.771,0.000,,18,24,,
T,2026-07-24 12:13:31.000,26.41134500,-80.15923333,1.30,5.671,-27.771,0.000,,18,24,,
T,2026-07-24 12:13:32.000,26.41134500,-80.15923333,1.30,5.671,-27.771,0.000,,18,24,,
T,2026-07-24 12:13:33.000,26.41134500,-80.15923333,1.30,5.671,-27.771,0.000,,18,24,,
T,2026-07-24 12:13:34.000,26.41134500,-80.15923333,1.30,5.671,-27.771,0.000,,18,24,,
T,2026-07-24 12:13:35.000,26.41134500,-80.15923333,1.30,5.671,-27.771,0.000,,18,24,,
T,2026-07-24 12:13:36.000,26.41134500,-80.15923333,1.30,5.671,-27.771,0.000,,18,24,,
T,2026-07-24 12:13:37.000,26.41134500,-80.15923333,1.30,5.671,-27.771,0.000,,18,24,,
T,2026-07-24 12:13:38.000,26.41134500,-80.15923333,1.30,5.671,-27.771,0.000,,18,24,,
T,2026-07-24 12:13:39.000,26.41134500,-80.15923333,1.30,5.671,-27.771,0.000,,18,24,,
T,2026-07-24 12:13:40.000,26.41134500,-80.15923333,1.30,5.671,-27.771,0.000,,18,24,,
T,2026-07-24 12:13:41.000,26.41134500,-80.15923333,1.30,5.671,-27.771,0.000,,18,24,,
T,2026-07-24 12:13:42.000,26.41134500,-80.15923333,1.30,5.671,-27.771,0.000,,18,24,,
T,2026-07-24 12:13:43.000,26.41134500,-80.15923333,1.30,5.671,-27.771,0.000,,18,24,,
T,2026-07-24 12:13:44.000,26.41134500,-80.15923333,1.30,5.671,-27.771,0.000,,18,24,,
T,2026-07-24 12:13:45.000,26.41134500,-80.15923333,1.30,5.671,-27.771,0.000,,18,24,,
T,2026-07-24 12:13:46.000,26.41134500,-80.15923333,1.30,5.671,-27.771,0.000,,18,24,,
T,2026-07-24 12:13:47.000,26.41134500,-80.15923333,1.40,5.671,-27.771,0.000,,18,24,,
T,2026-07-24 12:13:48.000,26.41134500,-80.15923333,1.40,5.671,-27.771,0.000,,18,24,,
T,2026-07-24 12:13:49.000,26.41134500,-80.15923333,1.40,5.671,-27.771,0.000,,18,24,,
T,2026-07-24 12:13:50.000,26.41134500,-80.15923333,1.40,5.671,-27.771,0.000,,18,24,,
T,2026-07-24 12:13:51.000,26.41134500,-80.15923333,1.30,5.671,-27.771,0.000,,18,24,,
T,2026-07-24 12:13:52.000,26.41134500,-80.15923333,1.40,5.671,-27.771,0.000,,18,24,,
T,2026-07-24 12:13:53.000,26.41131333,-80.15921667,1.40,8.171,-27.771,0.254,115,18,24,,
T,2026-07-24 12:13:54.000,26.41131333,-80.15920500,1.60,7.871,-27.771,0.412,104,18,24,,
T,2026-07-24 12:13:55.000,26.41131167,-80.15919333,1.60,7.771,-27.771,0.540,109,18,23,,
T,2026-07-24 12:13:56.000,26.41131167,-80.15918167,1.70,7.871,-27.771,0.623,108,18,23,,
T,2026-07-24 12:13:57.000,26.41131000,-80.15917333,1.70,7.771,-27.771,0.713,100,19,23,,
T,2026-07-24 12:13:58.000,26.41131167,-80.15916167,1.60,7.571,-27.771,0.790,98,18,23,,
T,2026-07-24 12:13:59.000,26.41131167,-80.15915167,1.60,7.471,-27.771,0.866,101,18,23,,
T,2026-07-24 12:14:00.000,26.41130833,-80.15914167,1.60,7.671,-27.771,0.935,91,18,23,,
T,2026-07-24 12:14:01.000,26.41131000,-80.15913000,1.60,7.971,-27.771,1.019,89,18,23,,
T,2026-07-24 12:14:02.000,26.41130833,-80.15911833,1.60,8.171,-27.771,1.051,99,18,23,,
T,2026-07-24 12:14:03.000,26.41130667,-80.15910167,1.60,8.272,-27.772,1.081,98,18,23,,
T,2026-07-24 12:14:04.000,26.41130500,-80.15907500,1.70,8.572,-27.772,1.174,96,18,23,,
T,2026-07-24 12:14:05.000,26.41130500,-80.15904333,1.70,8.272,-27.772,1.332,95,18,23,,
T,2026-07-24 12:14:06.000,26.41130500,-80.15901333,1.70,8.072,-27.772,1.560,87,18,23,,
T,2026-07-24 12:14:07.000,26.41130500,-80.15897833,1.70,8.872,-27.772,1.809,91,18,23,,
T,2026-07-24 12:14:08.000,26.41130667,-80.15894333,1.90,9.272,-27.772,2.062,85,18,23,,
T,2026-07-24 12:14:09.000,26.41130500,-80.15891000,1.80,9.372,-27.772,2.328,89,18,23,,
T,2026-07-24 12:14:10.000,26.41131000,-80.15887500,1.70,9.172,-27.772,2.593,86,18,23,,
T,2026-07-24 12:14:11.000,26.41131333,-80.15884000,1.70,8.873,-27.773,2.837,80,18,23,,
T,2026-07-24 12:14:12.000,26.41132333,-80.15880833,1.70,8.073,-27.773,3.099,77,18,23,,
T,2026-07-24 12:14:13.000,26.41133167,-80.15877333,1.70,8.073,-27.773,3.287,72,18,23,,
T,2026-07-24 12:14:14.000,26.41134333,-80.15874167,1.80,8.373,-27.773,3.396,72,18,23,,
T,2026-07-24 12:14:15.000,26.41135333,-80.15870833,1.80,8.373,-27.773,3.456,75,19,23,,
T,2026-07-24 12:14:16.000,26.41136667,-80.15867667,1.80,8.073,-27.773,3.500,70,18,23,,
T,2026-07-24 12:14:17.000,26.41138333,-80.15864667,1.60,7.773,-27.773,3.498,65,19,23,,
T,2026-07-24 12:14:18.000,26.41140167,-80.15861500,1.50,7.474,-27.774,3.563,61,18,23,,
T,2026-07-24 12:14:19.000,26.41142167,-80.15858333,1.70,7.274,-27.774,3.613,62,19,23,,
T,2026-07-24 12:14:20.000,26.41144167,-80.15855000,2.00,7.274,-27.774,3.672,54,19,23,,
T,2026-07-24 12:14:21.000,26.41146000,-80.15851500,2.10,7.274,-27.774,3.729,59,18,23,,
T,2026-07-24 12:14:22.000,26.41148000,-80.15847833,2.20,6.974,-27.774,3.798,57,18,23,,
T,2026-07-24 12:14:23.000,26.41150000,-80.15844333,2.30,6.774,-27.774,3.839,54,18,23,,
T,2026-07-24 12:14:24.000,26.41152167,-80.15840833,2.30,6.574,-27.774,3.895,50,19,23,,
T,2026-07-24 12:14:25.000,26.41154333,-80.15837667,2.40,6.175,-27.775,3.966,50,19,23,,
T,2026-07-24 12:14:26.000,26.41156333,-80.15834333,2.40,5.875,-27.775,4.011,56,18,23,,
T,2026-07-24 12:14:27.000,26.41158167,-80.15830833,2.40,5.975,-27.775,4.099,59,19,23,,
T,2026-07-24 12:14:28.000,26.41160500,-80.15827333,2.40,5.875,-27.775,4.133,51,18,23,,
T,2026-07-24 12:14:29.000,26.41162667,-80.15824000,2.40,5.775,-27.775,4.168,47,18,23,,
T,2026-07-24 12:14:30.000,26.41165333,-80.15820500,2.40,5.875,-27.775,4.188,53,18,23,,
T,2026-07-24 12:14:31.000,26.41167167,-80.15817000,2.40,5.376,-27.776,4.192,54,19,23,,
T,2026-07-24 12:14:32.000,26.41169500,-80.15813667,2.40,5.176,-27.776,4.201,51,19,23,,
T,2026-07-24 12:14:33.000,26.41171667,-80.15810167,2.40,4.976,-27.776,4.219,51,19,23,,
T,2026-07-24 12:14:34.000,26.41174333,-80.15806500,2.40,5.176,-27.776,4.237,51,18,23,,
T,2026-07-24 12:14:35.000,26.41176500,-80.15803167,2.30,4.976,-27.776,4.238,51,19,23,,
T,2026-07-24 12:14:36.000,26.41179500,-80.15799333,1.90,5.176,-27.776,4.267,52,18,23,,
T,2026-07-24 12:14:37.000,26.41182000,-80.15796167,2.10,4.877,-27.777,4.278,51,18,23,,
T,2026-07-24 12:14:38.000,26.41184833,-80.15792833,2.20,5.277,-27.777,4.296,51,18,23,,
T,2026-07-24 12:14:39.000,26.41187500,-80.15789500,2.30,5.777,-27.777,4.313,50,18,23,,
T,2026-07-24 12:14:40.000,26.41189500,-80.15786000,2.30,5.477,-27.777,4.342,54,19,23,,
T,2026-07-24 12:14:41.000,26.41192167,-80.15782333,2.20,5.977,-27.777,4.382,55,18,23,,
T,2026-07-24 12:14:42.000,26.41195167,-80.15778667,1.90,7.477,-27.777,4.411,57,18,23,,
T,2026-07-24 12:14:43.000,26.41197333,-80.15775000,1.90,8.177,-27.777,4.399,58,18,23,,
T,2026-07-24 12:14:44.000,26.41199667,-80.15771333,2.10,9.078,-27.778,4.371,58,18,23,,
T,2026-07-24 12:14:45.000,26.41201833,-80.15767500,1.80,9.078,-27.778,4.384,61,18,23,,
T,2026-07-24 12:14:46.000,26.41203833,-80.15763667,1.80,9.978,-27.778,4.377,63,19,23,,
T,2026-07-24 12:14:47.000,26.41205667,-80.15759667,1.90,10.278,-27.778,4.377,64,18,23,,
T,2026-07-24 12:14:48.000,26.41207667,-80.15755500,1.90,10.478,-27.778,4.343,70,18,23,,
T,2026-07-24 12:14:49.000,26.41209333,-80.15751167,1.80,10.679,-27.779,4.345,74,19,23,,
T,2026-07-24 12:14:50.000,26.41210500,-80.15747333,1.90,11.179,-27.779,4.320,75,19,23,,
T,2026-07-24 12:14:51.000,26.41211833,-80.15743000,1.80,10.679,-27.779,4.280,72,19,23,,
T,2026-07-24 12:14:52.000,26.41213000,-80.15739000,1.70,9.979,-27.779,4.202,76,19,23,,
T,2026-07-24 12:14:53.000,26.41213500,-80.15734333,1.80,9.379,-27.779,4.202,81,18,23,,
T,2026-07-24 12:14:54.000,26.41214167,-80.15729500,2.10,8.979,-27.779,4.290,81,18,23,,
T,2026-07-24 12:14:55.000,26.41214500,-80.15724500,2.30,8.280,-27.780,4.365,82,18,23,,
T,2026-07-24 12:14:56.000,26.41214667,-80.15719500,2.30,7.880,-27.780,4.458,87,18,23,,
T,2026-07-24 12:14:57.000,26.41215167,-80.15714167,2.40,7.880,-27.780,4.550,78,18,23,,
T,2026-07-24 12:14:58.000,26.41215667,-80.15709000,2.40,8.180,-27.780,4.648,80,18,23,,
T,2026-07-24 12:14:59.000,26.41216167,-80.15703667,2.30,8.281,-27.781,4.698,84,18,23,,
T,2026-07-24 12:15:00.000,26.41215333,-80.15698333,2.00,8.081,-27.781,4.771,87,18,23,,
T,2026-07-24 12:15:01.000,26.41215167,-80.15693000,2.20,7.981,-27.781,4.864,90,18,23,,
T,2026-07-24 12:15:02.000,26.41214167,-80.15687667,2.30,7.581,-27.781,5.049,94,18,23,,
T,2026-07-24 12:15:03.000,26.41213333,-80.15682000,2.30,7.481,-27.781,5.216,96,18,23,,
T,2026-07-24 12:15:04.000,26.41212667,-80.15676167,2.40,7.782,-27.782,5.281,92,18,23,,
T,2026-07-24 12:15:05.000,26.41212333,-80.15670167,2.40,8.082,-27.782,5.357,92,18,23,,
T,2026-07-24 12:15:06.000,26.41212000,-80.15664000,2.40,7.982,-27.782,5.365,90,18,23,,
T,2026-07-24 12:15:07.000,26.41212000,-80.15658167,2.40,7.582,-27.782,5.359,90,18,23,,
T,2026-07-24 12:15:08.000,26.41212000,-80.15652833,2.40,6.783,-27.783,5.356,88,18,23,,
T,2026-07-24 12:15:09.000,26.41212167,-80.15648000,2.40,6.183,-27.783,5.326,89,18,23,,
T,2026-07-24 12:15:10.000,26.41212167,-80.15643667,2.40,6.183,-27.783,5.250,89,18,23,,
T,2026-07-24 12:15:11.000,26.41212167,-80.15639667,2.20,6.183,-27.783,5.149,88,18,23,,
T,2026-07-24 12:15:12.000,26.41212167,-80.15636333,2.00,7.083,-27.783,4.960,89,18,23,,
T,2026-07-24 12:15:13.000,26.41212167,-80.15632833,2.10,7.283,-27.783,4.696,90,18,23,,
T,2026-07-24 12:15:14.000,26.41212333,-80.15629833,2.20,6.884,-27.784,4.428,91,18,23,,
T,2026-07-24 12:15:15.000,26.41212500,-80.15627333,2.20,6.784,-27.784,4.082,91,19,23,,
T,2026-07-24 12:15:16.000,26.41213000,-80.15625500,1.90,7.184,-27.784,3.752,89,19,23,,
T,2026-07-24 12:15:17.000,26.41213000,-80.15623500,1.80,7.184,-27.784,3.381,86,18,23,,
T,2026-07-24 12:15:18.000,26.41213167,-80.15622167,1.60,6.984,-27.784,2.979,87,19,23,,
T,2026-07-24 12:15:19.000,26.41213167,-80.15621167,1.60,6.984,-27.784,2.647,89,19,23,,
T,2026-07-24 12:15:20.000,26.41213167,-80.15619833,1.50,7.284,-27.784,2.400,78,19,23,,
T,2026-07-24 12:15:21.000,26.41213667,-80.15618167,1.60,7.684,-27.784,2.143,71,19,23,,
T,2026-07-24 12:15:22.000,26.41214333,-80.15615833,1.60,8.484,-27.784,2.015,69,19,23,,
T,2026-07-24 12:15:23.000,26.41215167,-80.15613500,1.70,8.784,-27.784,1.973,68,19,23,,
T,2026-07-24 12:15:24.000,26.41216000,-80.15611000,1.70,9.084,-27.784,1.976,70,18,23,,
T,2026-07-24 12:15:25.000,26.41216833,-80.15607667,1.70,9.284,-27.784,2.087,78,18,23,,
T,2026-07-24 12:15:26.000,26.41217500,-80.15603667,1.70,9.085,-27.785,2.250,84,18,23,,
T,2026-07-24 12:15:27.000,26.41217833,-80.15599833,2.00,9.085,-27.785,2.476,85,18,23,,
T,2026-07-24 12:15:28.000,26.41218333,-80.15595833,1.90,8.785,-27.785,2.762,78,18,23,,
T,2026-07-24 12:15:29.000,26.41218833,-80.15591000,1.80,8.885,-27.785,3.040,79,18,23,,
T,2026-07-24 12:15:30.000,26.41219667,-80.15586833,1.80,9.185,-27.785,3.296,79,18,23,,
T,2026-07-24 12:15:31.000,26.41221000,-80.15582833,1.70,9.186,-27.786,3.552,71,18,23,,
T,2026-07-24 12:15:32.000,26.41222500,-80.15578500,1.70,10.186,-27.786,3.750,64,18,23,,
T,2026-07-24 12:15:33.000,26.41224500,-80.15574833,2.00,10.386,-27.786,3.905,60,18,23,,
T,2026-07-24 12:15:34.000,26.41226833,-80.15571167,2.20,10.286,-27.786,4.061,59,18,23,,
T,2026-07-24 12:15:35.000,26.41229333,-80.15567167,2.20,10.786,-27.786,4.179,60,19,23,,
T,2026-07-24 12:15:36.000,26.41231500,-80.15563167,2.30,10.986,-27.786,4.278,57,19,23,,
T,2026-07-24 12:15:37.000,26.41233667,-80.15559000,2.30,11.087,-27.787,4.369,54,19,23,,
T,2026-07-24 12:15:38.000,26.41236333,-80.15555167,2.30,10.987,-27.787,4.465,49,19,23,,
T,2026-07-24 12:15:39.000,26.41239000,-80.15551667,2.30,10.587,-27.787,4.533,47,19,23,,
T,2026-07-24 12:15:40.000,26.41241833,-80.15547833,2.40,10.787,-27.787,4.591,43,18,23,,
T,2026-07-24 12:15:41.000,26.41245500,-80.15545000,2.40,10.587,-27.787,4.731,33,19,23,,
T,2026-07-24 12:15:42.000,26.41248333,-80.15542000,2.40,9.687,-27.787,4.801,35,19,23,,
T,2026-07-24 12:15:43.000,26.41252333,-80.15539167,2.40,9.687,-27.787,4.853,36,19,23,,
T,2026-07-24 12:15:44.000,26.41256000,-80.15536333,2.40,9.488,-27.788,4.889,35,19,23,,
T,2026-07-24 12:15:45.000,26.41259667,-80.15533833,2.30,9.288,-27.788,4.924,28,19,23,,
T,2026-07-24 12:15:46.000,26.41263667,-80.15531500,1.90,9.888,-27.788,4.971,23,19,23,,
T,2026-07-24 12:15:47.000,26.41267667,-80.15529500,2.10,9.588,-27.788,5.002,23,19,23,,
T,2026-07-24 12:15:48.000,26.41271667,-80.15527500,2.20,8.888,-27.788,5.025,20,19,23,,
T,2026-07-24 12:15:49.000,26.41276000,-80.15525667,2.30,8.988,-27.788,5.041,16,19,23,,
T,2026-07-24 12:15:50.000,26.41280500,-80.15524333,2.30,9.188,-27.788,5.053,11,19,23,,
T,2026-07-24 12:15:51.000,26.41284833,-80.15523333,2.40,9.088,-27.788,5.004,12,19,23,,
T,2026-07-24 12:15:52.000,26.41289000,-80.15522667,2.40,8.888,-27.788,4.955,7,19,23,,
T,2026-07-24 12:15:53.000,26.41293167,-80.15521833,2.30,8.788,-27.788,4.980,8,19,23,,
T,2026-07-24 12:15:54.000,26.41297500,-80.15521167,2.40,8.688,-27.788,4.959,8,19,23,,
T,2026-07-24 12:15:55.000,26.41300833,-80.15520833,2.30,8.789,-27.789,4.816,7,19,23,,
T,2026-07-24 12:15:56.000,26.41303000,-80.15520500,2.30,8.689,-27.789,4.566,5,19,23,,
T,2026-07-24 12:15:57.000,26.41305167,-80.15520167,2.20,8.689,-27.789,4.306,9,19,23,,
T,2026-07-24 12:15:58.000,26.41307333,-80.15519500,1.80,8.889,-27.789,4.004,13,19,23,,
T,2026-07-24 12:15:59.000,26.41309333,-80.15519167,1.70,9.389,-27.789,3.716,13,19,23,,
T,2026-07-24 12:16:00.000,26.41310667,-80.15518667,1.70,9.989,-27.789,3.249,8,19,23,,
T,2026-07-24 12:16:01.000,26.41310667,-80.15519167,1.70,10.089,-27.789,2.771,294,19,23,,
T,2026-07-24 12:16:02.000,26.41310333,-80.15519333,1.50,10.389,-27.789,2.319,216,19,23,,
T,2026-07-24 12:16:03.000,26.41310333,-80.15519500,1.50,10.589,-27.789,1.809,190,19,23,,
T,2026-07-24 12:16:04.000,26.41310167,-80.15519667,1.50,10.589,-27.789,1.345,327,19,23,,
T,2026-07-24 12:16:05.000,26.41310000,-80.15519833,1.50,10.689,-27.789,1.024,170,19,23,,
T,2026-07-24 12:16:06.000,26.41309833,-80.15519500,1.50,10.689,-27.789,0.801,163,18,23,,
T,2026-07-24 12:16:07.000,26.41310000,-80.15518833,1.60,10.489,-27.789,0.583,133,18,23,,
T,2026-07-24 12:16:08.000,26.41310000,-80.15518333,1.70,10.389,-27.789,0.000,,18,23,,
T,2026-07-24 12:16:09.000,26.41309833,-80.15518333,1.70,10.189,-27.789,0.000,,17,23,,
T,2026-07-24 12:16:10.000,26.41309500,-80.15518167,1.70,9.889,-27.789,0.000,,17,23,,
T,2026-07-24 12:16:11.000,26.41309500,-80.15518167,1.60,9.889,-27.789,0.000,,17,23,,
T,2026-07-24 12:16:12.000,26.41309500,-80.15518167,1.60,9.889,-27.789,0.000,,17,23,,
T,2026-07-24 12:16:13.000,26.41309500,-80.15518167,1.60,9.889,-27.789,0.000,,17,23,,
T,2026-07-24 12:16:14.000,26.41309500,-80.15518167,1.60,9.889,-27.789,0.000,,16,23,,
T,2026-07-24 12:16:15.000,26.41309500,-80.15518167,1.60,9.889,-27.789,0.000,,16,23,,
T,2026-07-24 12:16:16.000,26.41309500,-80.15518167,1.60,9.889,-27.789,0.000,,17,23,,
T,2026-07-24 12:16:17.000,26.41309500,-80.15518167,1.60,9.889,-27.789,0.000,,17,23,,
T,2026-07-24 12:16:18.000,26.41309500,-80.15518167,1.50,9.889,-27.789,0.000,,17,23,,
T,2026-07-24 12:16:19.000,26.41309500,-80.15518167,1.50,9.889,-27.789,0.000,,17,23,,
T,2026-07-24 12:16:20.000,26.41309500,-80.15518167,1.40,9.889,-27.789,0.000,,17,23,,
T,2026-07-24 12:16:21.000,26.41309500,-80.15518167,1.40,9.889,-27.789,0.000,,17,23,,
T,2026-07-24 12:16:22.000,26.41310667,-80.15517000,1.40,9.189,-27.789,0.308,50,18,23,,
T,2026-07-24 12:16:23.000,26.41312500,-80.15515667,1.50,9.189,-27.789,0.513,57,18,23,,
T,2026-07-24 12:16:24.000,26.41313500,-80.15513833,1.60,9.589,-27.789,0.696,73,19,23,,
T,2026-07-24 12:16:25.000,26.41314333,-80.15512333,1.60,9.889,-27.789,0.852,73,19,23,,
T,2026-07-24 12:16:26.000,26.41314833,-80.15510667,1.60,9.589,-27.789,0.982,75,19,23,,
T,2026-07-24 12:16:27.000,26.41315333,-80.15508667,1.50,9.189,-27.789,1.195,85,19,23,,
T,2026-07-24 12:16:28.000,26.41315333,-80.15506000,1.60,8.889,-27.789,1.484,92,19,23,,
T,2026-07-24 12:16:29.000,26.41315000,-80.15503000,1.60,8.789,-27.789,1.771,90,19,23,,
T,2026-07-24 12:16:30.000,26.41314667,-80.15499833,1.70,8.989,-27.789,2.074,93,19,23,,
T,2026-07-24 12:16:31.000,26.41314667,-80.15496667,1.70,9.290,-27.790,2.343,88,19,23,,
T,2026-07-24 12:16:32.000,26.41314667,-80.15493500,1.90,9.390,-27.790,2.458,89,19,23,,
T,2026-07-24 12:16:33.000,26.41314500,-80.15490333,2.00,9.490,-27.790,2.552,90,19,23,,
T,2026-07-24 12:16:34.000,26.41314500,-80.15487500,2.10,9.490,-27.790,2.648,91,19,23,,
T,2026-07-24 12:16:35.000,26.41314333,-80.15484833,2.10,9.490,-27.790,2.762,86,19,23,,
T,2026-07-24 12:16:36.000,26.41314167,-80.15482500,1.80,8.690,-27.790,2.883,90,19,23,,
T,2026-07-24 12:16:37.000,26.41314667,-80.15480667,1.70,7.790,-27.790,2.885,76,19,23,,
T,2026-07-24 12:16:38.000,26.41315333,-80.15478500,1.60,7.590,-27.790,2.768,67,19,23,,
T,2026-07-24 12:16:39.000,26.41316000,-80.15476833,1.60,7.490,-27.790,2.626,55,19,22,,
T,2026-07-24 12:16:40.000,26.41316500,-80.15475833,1.50,7.790,-27.790,2.407,43,19,22,,
T,2026-07-24 12:16:41.000,26.41316833,-80.15474833,1.50,7.990,-27.790,2.170,57,18,22,,
T,2026-07-24 12:16:42.000,26.41317333,-80.15474167,1.50,8.391,-27.791,1.938,57,18,22,,
T,2026-07-24 12:16:43.000,26.41317833,-80.15473167,1.40,8.491,-27.791,1.792,62,19,22,,
T,2026-07-24 12:16:44.000,26.41318500,-80.15471833,1.50,8.591,-27.791,1.637,61,19,22,,
T,2026-07-24 12:16:45.000,26.41319167,-80.15471167,1.50,8.291,-27.791,1.463,54,19,22,,
T,2026-07-24 12:16:46.000,26.41319667,-80.15470500,1.50,7.991,-27.791,1.352,48,18,22,,
T,2026-07-24 12:16:47.000,26.41320333,-80.15469167,1.50,7.691,-27.791,1.281,46,18,22,,
T,2026-07-24 12:16:48.000,26.41321167,-80.15468167,1.50,7.691,-27.791,1.218,34,19,22,,
T,2026-07-24 12:16:49.000,26.41321833,-80.15468000,1.60,7.491,-27.791,1.201,28,19,22,,
T,2026-07-24 12:16:50.000,26.41322833,-80.15467500,1.60,7.591,-27.791,1.214,19,19,22,,
T,2026-07-24 12:16:51.000,26.41323833,-80.15467000,1.60,7.791,-27.791,1.225,26,19,22,,
T,2026-07-24 12:16:52.000,26.41324667,-80.15466667,1.60,7.991,-27.791,1.254,7,18,22,,
T,2026-07-24 12:16:53.000,26.41325667,-80.15466667,1.60,7.991,-27.791,1.174,5,19,22,,
T,2026-07-24 12:16:54.000,26.41326167,-80.15466500,1.60,8.291,-27.791,1.104,351,19,22,,
T,2026-07-24 12:16:55.000,26.41326500,-80.15466500,1.60,8.191,-27.791,1.054,353,18,22,,
T,2026-07-24 12:16:56.000,26.41326833,-80.15466667,1.60,8.091,-27.791,0.983,344,18,22,,
T,2026-07-24 12:16:57.000,26.41327333,-80.15466833,1.60,7.991,-27.791,0.911,357,19,22,,
T,2026-07-24 12:16:58.000,26.41327667,-80.15467000,1.60,8.091,-27.791,0.848,349,18,22,,
T,2026-07-24 12:16:59.000,26.41327833,-80.15467167,1.60,8.191,-27.791,0.751,327,18,22,,
T,2026-07-24 12:17:00.000,26.41328000,-80.15467667,1.60,8.391,-27.791,0.654,309,18,22,,
T,2026-07-24 12:17:01.000,26.41328167,-80.15468167,1.60,8.591,-27.791,0.570,297,17,22,,
T,2026-07-24 12:17:02.000,26.41328167,-80.15468167,1.50,8.591,-27.791,0.470,12,19,22,,
T,2026-07-24 12:17:03.000,26.41328333,-80.15468333,1.50,8.791,-27.791,0.000,,18,22,,
T,2026-07-24 12:17:04.000,26.41328667,-80.15468500,1.50,8.891,-27.791,0.000,,18,22,,
T,2026-07-24 12:17:05.000,26.41328833,-80.15468667,1.40,9.091,-27.791,0.000,,18,22,,
T,2026-07-24 12:17:06.000,26.41328833,-80.15468667,1.40,9.091,-27.791,0.000,,17,22,,
T,2026-07-24 12:17:07.000,26.41328833,-80.15468667,1.40,9.091,-27.791,0.000,,17,22,,
T,2026-07-24 12:17:08.000,26.41328833,-80.15468667,1.40,9.091,-27.791,0.000,,17,22,,
T,2026-07-24 12:17:09.000,26.41328833,-80.15468667,1.40,9.091,-27.791,0.000,,17,22,,
T,2026-07-24 12:17:10.000,26.41328833,-80.15468667,1.40,9.091,-27.791,0.000,,17,22,,
T,2026-07-24 12:17:11.000,26.41328833,-80.15468667,1.40,9.091,-27.791,0.000,,18,22,,
T,2026-07-24 12:17:12.000,26.41328833,-80.15468667,1.40,9.091,-27.791,0.000,,17,22,,
T,2026-07-24 12:17:13.000,26.41328833,-80.15468667,1.40,9.091,-27.791,0.000,,17,22,,
T,2026-07-24 12:17:14.000,26.41328833,-80.15468667,1.40,9.091,-27.791,0.000,,18,22,,
