type,date time,latitude,longitude,accuracy(m),altitude(m),geoid_height(m),speed(m/s),bearing(deg),sat_used,sat_inview,name,desc
W,2026-07-24 18:18:07.000,26.41065000,-80.16109667,1.60,25.963,-27.763,0.000,,14,21,,Gate
W,2026-07-24 18:23:40.000,26.41459667,-80.16271667,1.60,14.458,-27.758,0.802,129,17,21,,Station5
T,2026-07-24 18:18:04.000,26.41065000,-80.16109667,1.60,25.963,-27.763,0.000,,14,21,20260724-141804,GPS Logger: 20260724-141804 - Gate-ST5
T,2026-07-24 18:18:05.000,26.41065000,-80.16109667,1.70,25.963,-27.763,0.000,,14,21,,
T,2026-07-24 18:18:06.000,26.41065000,-80.16109667,1.60,25.963,-27.763,0.000,,14,21,,
T,2026-07-24 18:18:07.000,26.41065000,-80.16109667,1.60,25.963,-27.763,0.000,,14,21,,
T,2026-07-24 18:18:08.000,26.41065000,-80.16109667,1.70,25.963,-27.763,0.000,,14,21,,
T,2026-07-24 18:18:09.000,26.41065000,-80.16109667,1.70,25.963,-27.763,0.000,,14,21,,
T,2026-07-24 18:18:10.000,26.41065000,-80.16109667,1.70,25.963,-27.763,0.000,,13,21,,
T,2026-07-24 18:18:11.000,26.41065000,-80.16109667,1.70,25.963,-27.763,0.000,,14,21,,
T,2026-07-24 18:18:12.000,26.41065000,-80.16109667,1.70,25.963,-27.763,0.000,,15,21,,
T,2026-07-24 18:18:13.000,26.41065000,-80.16109667,1.70,25.963,-27.763,0.000,,15,21,,
T,2026-07-24 18:18:14.000,26.41065000,-80.16109667,1.70,25.963,-27.763,0.000,,16,21,,
T,2026-07-24 18:18:15.000,26.41065000,-80.16109667,1.70,25.963,-27.763,0.000,,15,21,,
T,2026-07-24 18:18:16.000,26.41065000,-80.16109667,1.70,25.963,-27.763,0.000,,16,21,,
T,2026-07-24 18:18:17.000,26.41065000,-80.16109667,1.70,25.963,-27.763,0.000,,15,21,,
T,2026-07-24 18:18:18.000,26.41065000,-80.16109667,1.80,25.963,-27.763,0.000,,15,21,,
T,2026-07-24 18:18:19.000,26.41065000,-80.16109667,1.80,25.963,-27.763,0.000,,16,21,,
T,2026-07-24 18:18:20.000,26.41065000,-80.16109667,1.80,25.963,-27.763,0.000,,16,21,,
T,2026-07-24 18:18:21.000,26.41065000,-80.16109667,1.70,25.963,-27.763,0.000,,16,21,,
T,2026-07-24 18:18:22.000,26.41065000,-80.16109667,1.70,25.963,-27.763,0.000,,16,21,,
T,2026-07-24 18:18:23.000,26.41065000,-80.16109667,1.70,25.963,-27.763,0.000,,15,21,,
T,2026-07-24 18:18:24.000,26.41065000,-80.16109667,1.70,25.963,-27.763,0.000,,15,21,,
T,2026-07-24 18:18:25.000,26.41065000,-80.16109667,1.70,25.963,-27.763,0.000,,15,21,,
T,2026-07-24 18:18:26.000,26.41065000,-80.16109667,1.60,25.963,-27.763,0.000,,16,21,,
T,2026-07-24 18:18:27.000,26.41065000,-80.16109667,1.60,25.963,-27.763,0.000,,15,21,,
T,2026-07-24 18:18:28.000,26.41065000,-80.16109667,1.70,25.963,-27.763,0.000,,15,21,,
T,2026-07-24 18:18:29.000,26.41065000,-80.16109667,1.70,25.963,-27.763,0.000,,15,21,,
T,2026-07-24 18:18:30.000,26.41065000,-80.16109667,1.70,25.963,-27.763,0.000,,16,21,,
T,2026-07-24 18:18:31.000,26.41065000,-80.16109667,1.70,25.963,-27.763,0.000,,16,21,,
T,2026-07-24 18:18:32.000,26.41065000,-80.16109667,1.70,25.963,-27.763,0.000,,16,21,,
T,2026-07-24 18:18:33.000,26.41065000,-80.16109667,1.70,25.963,-27.763,0.000,,15,21,,
T,2026-07-24 18:18:34.000,26.41065000,-80.16109667,1.70,25.963,-27.763,0.000,,16,21,,
T,2026-07-24 18:18:35.000,26.41065000,-80.16109667,1.70,25.963,-27.763,0.000,,16,21,,
T,2026-07-24 18:18:36.000,26.41065000,-80.16109667,1.60,25.963,-27.763,0.000,,16,21,,
T,2026-07-24 18:18:37.000,26.41065000,-80.16109667,1.60,25.963,-27.763,0.000,,16,21,,
T,2026-07-24 18:18:38.000,26.41065000,-80.16109667,1.70,25.963,-27.763,0.000,,16,21,,
T,2026-07-24 18:18:39.000,26.41065000,-80.16109667,1.60,25.963,-27.763,0.000,,16,21,,
T,2026-07-24 18:18:40.000,26.41065000,-80.16109667,1.60,25.963,-27.763,0.000,,16,21,,
T,2026-07-24 18:18:41.000,26.41065000,-80.16109667,1.70,25.963,-27.763,0.000,,16,21,,
T,2026-07-24 18:18:42.000,26.41065000,-80.16109667,1.70,25.963,-27.763,0.000,,16,21,,
T,2026-07-24 18:18:43.000,26.41065000,-80.16109667,1.70,25.963,-27.763,0.000,,16,21,,
T,2026-07-24 18:18:44.000,26.41065000,-80.16109667,1.70,25.963,-27.763,0.000,,16,21,,
T,2026-07-24 18:18:45.000,26.41065000,-80.16109667,1.70,25.963,-27.763,0.000,,16,21,,
T,2026-07-24 18:18:46.000,26.41065000,-80.16109667,1.70,25.963,-27.763,0.000,,16,21,,
T,2026-07-24 18:18:47.000,26.41065000,-80.16109667,1.70,25.963,-27.763,0.000,,16,21,,
T,2026-07-24 18:18:48.000,26.41065000,-80.16109667,1.70,25.963,-27.763,0.000,,16,21,,
T,2026-07-24 18:18:49.000,26.41065000,-80.16109667,1.70,25.963,-27.763,0.000,,16,21,,
T,2026-07-24 18:18:50.000,26.41065000,-80.16109667,1.70,25.963,-27.763,0.000,,16,21,,
T,2026-07-24 18:18:51.000,26.41065000,-80.16109667,1.70,25.963,-27.763,0.000,,16,21,,
T,2026-07-24 18:18:52.000,26.41065000,-80.16109667,1.80,25.963,-27.763,0.000,,16,21,,
T,2026-07-24 18:18:53.000,26.41065000,-80.16109667,1.90,25.963,-27.763,0.000,,13,21,,
T,2026-07-24 18:18:54.000,26.41068000,-80.16111000,2.00,23.563,-27.763,0.304,153,13,21,,
T,2026-07-24 18:18:55.000,26.41067833,-80.16111000,2.00,23.263,-27.763,0.000,,14,21,,
T,2026-07-24 18:18:56.000,26.41067667,-80.16111000,2.10,23.263,-27.763,0.000,,16,21,,
T,2026-07-24 18:18:57.000,26.41066000,-80.16110167,2.00,22.963,-27.763,0.000,,16,21,,
T,2026-07-24 18:18:58.000,26.41066000,-80.16110167,2.00,22.963,-27.763,0.000,,16,21,,
T,2026-07-24 18:18:59.000,26.41066000,-80.16110167,1.90,22.963,-27.763,0.000,,16,21,,
T,2026-07-24 18:19:00.000,26.41066000,-80.16110167,1.90,22.963,-27.763,0.000,,16,21,,
T,2026-07-24 18:19:01.000,26.41065000,-80.16110333,1.90,22.563,-27.763,0.454,179,16,21,,
T,2026-07-24 18:19:02.000,26.41064667,-80.16109667,1.90,22.363,-27.763,0.493,159,16,21,,
T,2026-07-24 18:19:03.000,26.41064167,-80.16109333,1.80,22.263,-27.763,0.534,154,16,21,,
T,2026-07-24 18:19:04.000,26.41063667,-80.16109000,1.80,22.263,-27.763,0.521,154,16,21,,
T,2026-07-24 18:19:05.000,26.41063333,-80.16108667,1.80,22.363,-27.763,0.537,141,16,21,,
T,2026-07-24 18:19:06.000,26.41062500,-80.16108167,1.70,22.563,-27.763,0.584,144,16,21,,
T,2026-07-24 18:19:07.000,26.41062000,-80.16107833,1.90,22.663,-27.763,0.577,148,16,21,,
T,2026-07-24 18:19:08.000,26.41061500,-80.16107500,2.00,22.763,-27.763,0.625,163,16,21,,
T,2026-07-24 18:19:09.000,26.41061333,-80.16107000,2.10,22.863,-27.763,0.632,117,16,21,,
T,2026-07-24 18:19:10.000,26.41060833,-80.16106667,2.10,23.163,-27.763,0.591,161,16,21,,
T,2026-07-24 18:19:11.000,26.41060500,-80.16106833,2.10,23.263,-27.763,0.528,237,16,21,,
T,2026-07-24 18:19:12.000,26.41060500,-80.16107000,2.20,23.163,-27.763,0.519,232,16,21,,
T,2026-07-24 18:19:13.000,26.41060667,-80.16107667,2.30,23.363,-27.763,0.000,,16,21,,
T,2026-07-24 18:19:14.000,26.41059667,-80.16109500,2.10,22.863,-27.763,0.574,248,15,21,,
T,2026-07-24 18:19:15.000,26.41059500,-80.16111167,1.90,21.763,-27.763,0.654,245,16,21,,
T,2026-07-24 18:19:16.000,26.41060333,-80.16113333,1.80,20.763,-27.763,0.726,269,16,21,,
T,2026-07-24 18:19:17.000,26.41060667,-80.16115833,1.80,20.263,-27.763,0.798,281,16,21,,
T,2026-07-24 18:19:18.000,26.41061833,-80.16117167,1.80,19.163,-27.763,0.911,292,16,21,,
T,2026-07-24 18:19:19.000,26.41062833,-80.16119000,1.90,17.963,-27.763,1.038,324,16,21,,
T,2026-07-24 18:19:20.000,26.41064167,-80.16120000,1.90,17.462,-27.762,1.150,353,16,21,,
T,2026-07-24 18:19:21.000,26.41066167,-80.16120667,1.90,16.162,-27.762,1.297,7,16,21,,
T,2026-07-24 18:19:22.000,26.41068333,-80.16121167,1.80,14.962,-27.762,1.447,13,15,21,,
T,2026-07-24 18:19:23.000,26.41070333,-80.16120833,1.80,14.562,-27.762,1.590,14,15,21,,
T,2026-07-24 18:19:24.000,26.41072333,-80.16120000,1.80,14.463,-27.763,1.649,21,15,21,,
T,2026-07-24 18:19:25.000,26.41074000,-80.16119167,1.80,14.563,-27.763,1.799,12,15,21,,
T,2026-07-24 18:19:26.000,26.41076500,-80.16118167,1.80,14.263,-27.763,1.951,12,15,21,,
T,2026-07-24 18:19:27.000,26.41079000,-80.16117500,1.90,13.963,-27.763,2.116,9,15,21,,
T,2026-07-24 18:19:28.000,26.41081500,-80.16117167,2.00,13.763,-27.763,2.222,10,15,21,,
T,2026-07-24 18:19:29.000,26.41083833,-80.16117167,1.90,13.863,-27.763,2.326,8,15,21,,
T,2026-07-24 18:19:30.000,26.41086167,-80.16117167,1.80,13.563,-27.763,2.459,3,15,21,,
T,2026-07-24 18:19:31.000,26.41088667,-80.16117000,1.80,13.463,-27.763,2.564,5,15,21,,
T,2026-07-24 18:19:32.000,26.41091167,-80.16116833,1.80,13.163,-27.763,2.667,3,15,21,,
T,2026-07-24 18:19:33.000,26.41093667,-80.16116667,1.80,13.063,-27.763,2.747,5,15,21,,
T,2026-07-24 18:19:34.000,26.41096000,-80.16116833,1.80,13.063,-27.763,2.857,3,16,21,,
T,2026-07-24 18:19:35.000,26.41098833,-80.16116833,1.80,12.663,-27.763,2.920,356,15,21,,
T,2026-07-24 18:19:36.000,26.41101833,-80.16116667,1.80,12.963,-27.763,2.975,0,15,21,,
T,2026-07-24 18:19:37.000,26.41105333,-80.16116833,2.10,13.163,-27.763,3.115,357,16,21,,
T,2026-07-24 18:19:38.000,26.41109000,-80.16116833,1.90,13.463,-27.763,3.189,2,16,21,,
T,2026-07-24 18:19:39.000,26.41112000,-80.16116833,2.10,13.463,-27.763,3.167,355,16,21,,
T,2026-07-24 18:19:40.000,26.41114167,-80.16117000,2.20,13.663,-27.763,3.101,358,16,21,,
T,2026-07-24 18:19:41.000,26.41115500,-80.16117333,1.90,14.063,-27.763,3.031,358,16,21,,
T,2026-07-24 18:19:42.000,26.41117000,-80.16117167,1.80,14.363,-27.763,2.878,359,16,21,,
T,2026-07-24 18:19:43.000,26.41118333,-80.16117167,1.70,14.363,-27.763,2.751,360,16,21,,
T,2026-07-24 18:19:44.000,26.41120000,-80.16117333,1.70,14.063,-27.763,2.652,354,16,21,,
T,2026-07-24 18:19:45.000,26.41122167,-80.16117333,1.70,13.963,-27.763,2.532,359,16,21,,
T,2026-07-24 18:19:46.000,26.41124500,-80.16117500,1.70,14.063,-27.763,2.447,356,16,21,,
T,2026-07-24 18:19:47.000,26.41127167,-80.16117500,1.70,14.563,-27.763,2.270,359,16,21,,
T,2026-07-24 18:19:48.000,26.41129667,-80.16117667,1.70,14.863,-27.763,2.166,1,16,21,,
T,2026-07-24 18:19:49.000,26.41132000,-80.16117500,1.70,14.863,-27.763,2.162,4,16,21,,
T,2026-07-24 18:19:50.000,26.41134500,-80.16117167,1.70,14.463,-27.763,2.211,2,16,21,,
T,2026-07-24 18:19:51.000,26.41136833,-80.16117000,1.70,14.063,-27.763,2.294,1,16,21,,
T,2026-07-24 18:19:52.000,26.41139500,-80.16117000,1.70,13.763,-27.763,2.442,359,16,21,,
T,2026-07-24 18:19:53.000,26.41142000,-80.16117500,1.80,13.563,-27.763,2.572,359,16,21,,
T,2026-07-24 18:19:54.000,26.41144667,-80.16117667,1.70,13.463,-27.763,2.700,358,16,21,,
T,2026-07-24 18:19:55.000,26.41147667,-80.16118000,1.70,13.963,-27.763,2.792,0,16,21,,
T,2026-07-24 18:19:56.000,26.41150500,-80.16118000,1.90,13.663,-27.763,2.829,0,16,21,,
T,2026-07-24 18:19:57.000,26.41153333,-80.16118000,2.10,13.163,-27.763,2.900,0,16,21,,
T,2026-07-24 18:19:58.000,26.41156167,-80.16118000,2.10,12.663,-27.763,2.986,0,16,21,,
T,2026-07-24 18:19:59.000,26.41159000,-80.16118167,2.20,12.263,-27.763,3.029,349,16,21,,
T,2026-07-24 18:20:00.000,26.41162000,-80.16118667,2.20,12.263,-27.763,3.037,355,16,21,,
T,2026-07-24 18:20:01.000,26.41164333,-80.16118500,1.90,12.063,-27.763,2.977,1,16,21,,
T,2026-07-24 18:20:02.000,26.41166833,-80.16118000,1.80,11.563,-27.763,3.017,354,16,21,,
T,2026-07-24 18:20:03.000,26.41169667,-80.16118500,1.80,11.763,-27.763,3.072,350,16,21,,
T,2026-07-24 18:20:04.000,26.41172667,-80.16119167,2.00,11.363,-27.763,3.081,349,16,21,,
T,2026-07-24 18:20:05.000,26.41175333,-80.16119333,2.10,11.063,-27.763,3.063,353,16,21,,
T,2026-07-24 18:20:06.000,26.41178167,-80.16119667,2.20,11.363,-27.763,3.084,349,16,21,,
T,2026-07-24 18:20:07.000,26.41180833,-80.16119833,1.80,11.663,-27.763,3.069,355,16,21,,
T,2026-07-24 18:20:08.000,26.41183500,-80.16120000,2.00,10.763,-27.763,3.040,4,16,21,,
T,2026-07-24 18:20:09.000,26.41186000,-80.16120000,2.10,9.763,-27.763,3.013,352,16,21,,
T,2026-07-24 18:20:10.000,26.41187667,-80.16120833,1.90,10.063,-27.763,3.005,350,16,21,,
T,2026-07-24 18:20:11.000,26.41189333,-80.16120833,1.80,10.263,-27.763,3.029,0,16,21,,
T,2026-07-24 18:20:12.000,26.41191333,-80.16121000,1.80,10.963,-27.763,2.915,7,16,21,,
T,2026-07-24 18:20:13.000,26.41193833,-80.16121167,1.80,10.963,-27.763,2.838,353,16,21,,
T,2026-07-24 18:20:14.000,26.41196500,-80.16121667,1.80,11.163,-27.763,2.806,347,16,21,,
T,2026-07-24 18:20:15.000,26.41199500,-80.16122167,1.90,10.863,-27.763,2.841,339,14,21,,
T,2026-07-24 18:20:16.000,26.41202333,-80.16123000,2.10,10.963,-27.763,2.825,348,14,21,,
T,2026-07-24 18:20:17.000,26.41205500,-80.16124000,2.20,11.063,-27.763,2.882,345,15,21,,
T,2026-07-24 18:20:18.000,26.41208833,-80.16125333,2.30,10.963,-27.763,2.950,342,16,21,,
T,2026-07-24 18:20:19.000,26.41212167,-80.16126667,2.40,10.363,-27.763,3.046,343,16,21,,
T,2026-07-24 18:20:20.000,26.41214833,-80.16127500,2.50,10.163,-27.763,3.068,345,16,21,,
T,2026-07-24 18:20:21.000,26.41217333,-80.16128167,2.50,10.463,-27.763,3.089,344,16,21,,
T,2026-07-24 18:20:22.000,26.41219833,-80.16128833,2.50,10.363,-27.763,3.146,348,16,21,,
T,2026-07-24 18:20:23.000,26.41222167,-80.16129333,2.30,10.463,-27.763,3.148,1,16,21,,
T,2026-07-24 18:20:24.000,26.41224000,-80.16129667,2.10,10.163,-27.763,3.145,343,16,21,,
T,2026-07-24 18:20:25.000,26.41226333,-80.16131000,2.10,9.963,-27.763,3.069,342,16,21,,
T,2026-07-24 18:20:26.000,26.41228667,-80.16131667,2.20,10.263,-27.763,2.997,339,16,21,,
T,2026-07-24 18:20:27.000,26.41231167,-80.16132833,2.10,10.763,-27.763,2.868,336,16,21,,
T,2026-07-24 18:20:28.000,26.41233833,-80.16133833,2.00,11.463,-27.763,2.743,333,16,21,,
T,2026-07-24 18:20:29.000,26.41236167,-80.16135000,2.00,11.963,-27.763,2.650,340,16,21,,
T,2026-07-24 18:20:30.000,26.41238333,-80.16135500,2.10,12.263,-27.763,2.610,352,16,21,,
T,2026-07-24 18:20:31.000,26.41241000,-80.16136000,2.00,13.463,-27.763,2.640,346,16,21,,
T,2026-07-24 18:20:32.000,26.41243500,-80.16137333,2.00,14.463,-27.763,2.652,343,16,21,,
T,2026-07-24 18:20:33.000,26.41244833,-80.16138167,2.20,14.463,-27.763,2.635,346,16,21,,
T,2026-07-24 18:20:34.000,26.41247333,-80.16138667,2.10,14.863,-27.763,2.593,351,16,21,,
T,2026-07-24 18:20:35.000,26.41249167,-80.16139000,2.10,15.263,-27.763,2.554,349,16,21,,
T,2026-07-24 18:20:36.000,26.41250667,-80.16139833,2.00,15.863,-27.763,2.437,325,16,21,,
T,2026-07-24 18:20:37.000,26.41252000,-80.16140500,2.00,16.363,-27.763,2.392,333,16,21,,
T,2026-07-24 18:20:38.000,26.41253167,-80.16141167,1.90,16.663,-27.763,2.303,321,16,21,,
T,2026-07-24 18:20:39.000,26.41254333,-80.16142167,1.90,16.763,-27.763,2.235,337,16,21,,
T,2026-07-24 18:20:40.000,26.41256333,-80.16143667,1.90,17.163,-27.763,2.131,339,16,21,,
T,2026-07-24 18:20:41.000,26.41258333,-80.16144500,1.80,17.363,-27.763,1.928,346,15,21,,
T,2026-07-24 18:20:42.000,26.41259667,-80.16145833,1.70,17.163,-27.763,1.763,340,15,21,,
T,2026-07-24 18:20:43.000,26.41260667,-80.16146333,1.70,17.263,-27.763,1.624,346,16,21,,
T,2026-07-24 18:20:44.000,26.41261500,-80.16147167,1.60,17.062,-27.762,1.493,334,16,21,,
T,2026-07-24 18:20:45.000,26.41263000,-80.16148000,1.60,17.062,-27.762,1.464,347,16,21,,
T,2026-07-24 18:20:46.000,26.41264833,-80.16149167,1.80,17.162,-27.762,1.575,354,16,21,,
T,2026-07-24 18:20:47.000,26.41267167,-80.16149500,1.70,17.062,-27.762,1.618,355,16,21,,
T,2026-07-24 18:20:48.000,26.41269167,-80.16149833,1.70,17.162,-27.762,1.650,355,16,21,,
T,2026-07-24 18:20:49.000,26.41271667,-80.16150000,1.80,17.262,-27.762,1.633,3,15,21,,
T,2026-07-24 18:20:50.000,26.41274667,-80.16149833,1.80,17.462,-27.762,1.706,8,15,21,,
T,2026-07-24 18:20:51.000,26.41278333,-80.16149667,1.80,17.862,-27.762,1.867,6,15,21,,
T,2026-07-24 18:20:52.000,26.41281167,-80.16149667,1.80,17.662,-27.762,1.982,5,16,21,,
T,2026-07-24 18:20:53.000,26.41283167,-80.16149333,1.80,17.363,-27.763,2.121,360,16,21,,
T,2026-07-24 18:20:54.000,26.41285667,-80.16149500,1.80,17.263,-27.763,2.246,350,16,21,,
T,2026-07-24 18:20:55.000,26.41288167,-80.16150333,1.70,17.162,-27.762,2.361,349,16,21,,
T,2026-07-24 18:20:56.000,26.41290667,-80.16151000,1.70,16.562,-27.762,2.433,341,16,21,,
T,2026-07-24 18:20:57.000,26.41293333,-80.16152000,2.00,16.462,-27.762,2.522,335,16,21,,
T,2026-07-24 18:20:58.000,26.41296000,-80.16153500,2.10,16.262,-27.762,2.665,334,16,21,,
T,2026-07-24 18:20:59.000,26.41298500,-80.16155167,2.20,16.062,-27.762,2.807,331,16,21,,
T,2026-07-24 18:21:00.000,26.41300167,-80.16156333,2.30,15.462,-27.762,2.823,333,16,21,,
T,2026-07-24 18:21:01.000,26.41302333,-80.16158167,2.30,14.962,-27.762,2.852,322,16,21,,
T,2026-07-24 18:21:02.000,26.41304500,-80.16160000,2.00,14.462,-27.762,2.925,322,16,21,,
T,2026-07-24 18:21:03.000,26.41306833,-80.16162167,1.90,14.162,-27.762,2.993,323,16,21,,
T,2026-07-24 18:21:04.000,26.41309000,-80.16164000,2.10,13.662,-27.762,3.068,321,16,21,,
T,2026-07-24 18:21:05.000,26.41311333,-80.16165667,2.20,13.262,-27.762,3.116,326,16,21,,
T,2026-07-24 18:21:06.000,26.41313833,-80.16168000,2.30,13.062,-27.762,3.143,320,16,21,,
T,2026-07-24 18:21:07.000,26.41316167,-80.16170167,2.30,11.762,-27.762,3.179,323,16,21,,
T,2026-07-24 18:21:08.000,26.41318833,-80.16172333,2.40,11.662,-27.762,3.212,321,16,21,,
T,2026-07-24 18:21:09.000,26.41321500,-80.16174500,2.40,10.762,-27.762,3.204,320,16,21,,
T,2026-07-24 18:21:10.000,26.41323667,-80.16176500,2.40,9.462,-27.762,3.260,317,16,21,,
T,2026-07-24 18:21:11.000,26.41325833,-80.16178500,2.40,8.262,-27.762,3.280,325,16,21,,
T,2026-07-24 18:21:12.000,26.41328000,-80.16180333,2.40,7.961,-27.761,3.300,315,16,21,,
T,2026-07-24 18:21:13.000,26.41330000,-80.16182667,2.40,7.961,-27.761,3.300,318,16,21,,
T,2026-07-24 18:21:14.000,26.41332167,-80.16185167,2.50,8.261,-27.761,3.306,317,16,21,,
T,2026-07-24 18:21:15.000,26.41334500,-80.16187667,2.50,8.461,-27.761,3.275,320,17,21,,
T,2026-07-24 18:21:16.000,26.41336833,-80.16190333,2.50,8.761,-27.761,3.293,317,17,21,,
T,2026-07-24 18:21:17.000,26.41339167,-80.16192833,2.50,9.061,-27.761,3.271,313,17,21,,
T,2026-07-24 18:21:18.000,26.41341167,-80.16195333,2.50,9.061,-27.761,3.247,316,17,21,,
T,2026-07-24 18:21:19.000,26.41343500,-80.16197667,2.50,9.061,-27.761,3.244,323,17,21,,
T,2026-07-24 18:21:20.000,26.41345500,-80.16200167,2.50,9.561,-27.761,3.290,314,17,21,,
T,2026-07-24 18:21:21.000,26.41347667,-80.16202833,2.50,9.561,-27.761,3.318,315,17,21,,
T,2026-07-24 18:21:22.000,26.41350000,-80.16205333,2.50,9.861,-27.761,3.294,316,17,21,,
T,2026-07-24 18:21:23.000,26.41352167,-80.16208000,2.60,10.160,-27.760,3.287,317,17,21,,
T,2026-07-24 18:21:24.000,26.41354333,-80.16210500,2.50,10.660,-27.760,3.265,320,17,21,,
T,2026-07-24 18:21:25.000,26.41356333,-80.16213167,2.50,10.960,-27.760,3.256,313,17,21,,
T,2026-07-24 18:21:26.000,26.41358333,-80.16215667,2.50,11.160,-27.760,3.222,315,17,21,,
T,2026-07-24 18:21:27.000,26.41360333,-80.16218333,2.50,11.460,-27.760,3.225,312,17,21,,
T,2026-07-24 18:21:28.000,26.41362833,-80.16221000,2.50,11.860,-27.760,3.244,314,17,21,,
T,2026-07-24 18:21:29.000,26.41365333,-80.16223833,2.50,12.160,-27.760,3.309,314,17,21,,
T,2026-07-24 18:21:30.000,26.41367500,-80.16226833,2.50,12.360,-27.760,3.360,314,17,21,,
T,2026-07-24 18:21:31.000,26.41369667,-80.16229500,2.50,12.160,-27.760,3.398,314,17,21,,
T,2026-07-24 18:21:32.000,26.41371667,-80.16232167,2.50,12.160,-27.760,3.429,305,17,21,,
T,2026-07-24 18:21:33.000,26.41373333,-80.16234833,2.40,11.459,-27.759,3.452,311,17,21,,
T,2026-07-24 18:21:34.000,26.41375333,-80.16237333,2.40,10.459,-27.759,3.496,309,17,21,,
T,2026-07-24 18:21:35.000,26.41377333,-80.16240000,2.40,9.759,-27.759,3.552,306,17,21,,
T,2026-07-24 18:21:36.000,26.41379167,-80.16242667,2.40,9.659,-27.759,3.597,309,17,21,,
T,2026-07-24 18:21:37.000,26.41380833,-80.16244833,2.40,9.459,-27.759,3.645,313,17,21,,
T,2026-07-24 18:21:38.000,26.41382833,-80.16247667,2.50,9.559,-27.759,3.675,307,17,21,,
T,2026-07-24 18:21:39.000,26.41384333,-80.16249833,2.40,8.859,-27.759,3.667,310,17,21,,
T,2026-07-24 18:21:40.000,26.41385667,-80.16252167,2.30,8.259,-27.759,3.627,307,17,21,,
T,2026-07-24 18:21:41.000,26.41387333,-80.16254833,2.20,7.459,-27.759,3.571,311,17,21,,
T,2026-07-24 18:21:42.000,26.41388833,-80.16257167,2.20,6.759,-27.759,3.562,305,17,21,,
T,2026-07-24 18:21:43.000,26.41390667,-80.16259833,2.30,6.259,-27.759,3.534,306,17,21,,
T,2026-07-24 18:21:44.000,26.41392833,-80.16262500,2.20,5.858,-27.758,3.503,311,17,21,,
T,2026-07-24 18:21:45.000,26.41394833,-80.16265000,2.20,5.558,-27.758,3.482,306,17,21,,
T,2026-07-24 18:21:46.000,26.41396667,-80.16267833,2.20,5.258,-27.758,3.470,309,17,21,,
T,2026-07-24 18:21:47.000,26.41398333,-80.16270500,2.30,5.058,-27.758,3.437,308,17,21,,
T,2026-07-24 18:21:48.000,26.41400167,-80.16273333,2.30,4.858,-27.758,3.413,305,17,21,,
T,2026-07-24 18:21:49.000,26.41402000,-80.16276500,2.30,4.558,-27.758,3.377,302,17,21,,
T,2026-07-24 18:21:50.000,26.41404667,-80.16280167,2.00,5.858,-27.758,3.331,309,17,21,,
T,2026-07-24 18:21:51.000,26.41406833,-80.16283333,1.90,6.258,-27.758,3.351,301,17,21,,
T,2026-07-24 18:21:52.000,26.41409000,-80.16286333,1.80,6.158,-27.758,3.361,303,17,21,,
T,2026-07-24 18:21:53.000,26.41411167,-80.16289167,1.70,5.657,-27.757,3.390,302,17,21,,
T,2026-07-24 18:21:54.000,26.41413167,-80.16292500,1.70,5.357,-27.757,3.418,301,17,21,,
T,2026-07-24 18:21:55.000,26.41415167,-80.16295833,1.70,5.657,-27.757,3.455,299,17,21,,
T,2026-07-24 18:21:56.000,26.41416833,-80.16299333,1.70,5.657,-27.757,3.458,298,17,21,,
T,2026-07-24 18:21:57.000,26.41418333,-80.16302667,1.60,6.057,-27.757,3.438,297,17,21,,
T,2026-07-24 18:21:58.000,26.41420333,-80.16306000,1.60,6.857,-27.757,3.445,298,17,21,,
T,2026-07-24 18:21:59.000,26.41422000,-80.16309500,1.60,7.257,-27.757,3.480,298,17,21,,
T,2026-07-24 18:22:00.000,26.41423833,-80.16313167,1.60,7.957,-27.757,3.543,301,17,21,,
T,2026-07-24 18:22:01.000,26.41425667,-80.16316500,1.60,8.356,-27.756,3.559,300,17,21,,
T,2026-07-24 18:22:02.000,26.41427000,-80.16319667,1.60,8.756,-27.756,3.585,298,17,21,,
T,2026-07-24 18:22:03.000,26.41428500,-80.16322500,1.60,9.156,-27.756,3.606,298,17,21,,
T,2026-07-24 18:22:04.000,26.41429500,-80.16324500,1.50,9.756,-27.756,3.328,302,17,21,,
T,2026-07-24 18:22:05.000,26.41429667,-80.16325167,1.50,10.156,-27.756,2.984,309,17,21,,
T,2026-07-24 18:22:06.000,26.41430000,-80.16325833,1.50,10.456,-27.756,2.708,311,17,21,,
T,2026-07-24 18:22:07.000,26.41431000,-80.16327167,1.50,11.056,-27.756,2.499,315,17,21,,
T,2026-07-24 18:22:08.000,26.41431833,-80.16329167,1.50,11.556,-27.756,2.359,295,17,21,,
T,2026-07-24 18:22:09.000,26.41433000,-80.16331833,1.50,12.056,-27.756,2.239,298,17,21,,
T,2026-07-24 18:22:10.000,26.41434333,-80.16334500,1.50,12.556,-27.756,2.140,297,17,21,,
T,2026-07-24 18:22:11.000,26.41435500,-80.16337333,1.40,13.056,-27.756,2.061,299,17,21,,
T,2026-07-24 18:22:12.000,26.41436667,-80.16340000,1.70,13.156,-27.756,1.970,305,17,21,,
T,2026-07-24 18:22:13.000,26.41438500,-80.16342000,1.80,12.955,-27.755,1.898,318,17,21,,
T,2026-07-24 18:22:14.000,26.41440333,-80.16343833,1.80,13.255,-27.755,2.086,324,17,21,,
T,2026-07-24 18:22:15.000,26.41442333,-80.16345333,1.90,13.255,-27.755,2.332,329,17,21,,
T,2026-07-24 18:22:16.000,26.41444500,-80.16346833,1.90,13.555,-27.755,2.556,349,17,21,,
T,2026-07-24 18:22:17.000,26.41447500,-80.16347167,1.90,13.655,-27.755,2.788,354,17,21,,
T,2026-07-24 18:22:18.000,26.41451000,-80.16347000,1.90,13.755,-27.755,2.855,10,17,21,,
T,2026-07-24 18:22:19.000,26.41453500,-80.16345833,2.10,14.255,-27.755,2.909,35,17,21,,
T,2026-07-24 18:22:20.000,26.41456333,-80.16344167,1.90,13.555,-27.755,2.923,36,17,21,,
T,2026-07-24 18:22:21.000,26.41459000,-80.16342000,1.90,13.256,-27.756,2.983,32,17,21,,
T,2026-07-24 18:22:22.000,26.41462500,-80.16339667,1.90,13.156,-27.756,3.043,35,17,21,,
T,2026-07-24 18:22:23.000,26.41465000,-80.16337667,2.10,13.156,-27.756,3.104,38,17,21,,
T,2026-07-24 18:22:24.000,26.41467667,-80.16335500,2.30,13.456,-27.756,3.125,37,17,21,,
T,2026-07-24 18:22:25.000,26.41469833,-80.16334000,2.30,12.856,-27.756,3.126,33,16,21,,
T,2026-07-24 18:22:26.000,26.41471833,-80.16332500,2.00,12.256,-27.756,3.118,43,17,21,,
T,2026-07-24 18:22:27.000,26.41473833,-80.16330667,1.80,12.056,-27.756,3.067,43,17,21,,
T,2026-07-24 18:22:28.000,26.41475833,-80.16328667,1.80,11.556,-27.756,3.091,38,17,21,,
T,2026-07-24 18:22:29.000,26.41477833,-80.16326500,2.00,11.456,-27.756,3.116,41,17,21,,
T,2026-07-24 18:22:30.000,26.41480167,-80.16324167,2.10,11.456,-27.756,3.154,39,17,21,,
T,2026-07-24 18:22:31.000,26.41482333,-80.16322000,2.20,11.757,-27.757,3.127,43,17,21,,
T,2026-07-24 18:22:32.000,26.41484500,-80.16319667,2.30,11.757,-27.757,3.139,43,17,21,,
T,2026-07-24 18:22:33.000,26.41486667,-80.16317500,2.30,11.457,-27.757,3.070,40,17,21,,
T,2026-07-24 18:22:34.000,26.41489000,-80.16315500,2.40,11.357,-27.757,3.081,45,17,21,,
T,2026-07-24 18:22:35.000,26.41490667,-80.16313167,2.00,10.257,-27.757,3.080,43,17,21,,
T,2026-07-24 18:22:36.000,26.41493000,-80.16311833,2.00,10.257,-27.757,3.084,45,17,21,,
T,2026-07-24 18:22:37.000,26.41494667,-80.16309667,2.00,10.657,-27.757,3.071,57,17,21,,
T,2026-07-24 18:22:38.000,26.41495500,-80.16307167,2.00,11.257,-27.757,3.018,69,16,21,,
T,2026-07-24 18:22:39.000,26.41496333,-80.16304000,1.90,11.057,-27.757,2.933,72,17,21,,
T,2026-07-24 18:22:40.000,26.41497500,-80.16301333,1.90,11.257,-27.757,2.870,67,17,21,,
T,2026-07-24 18:22:41.000,26.41497833,-80.16299000,1.90,11.458,-27.758,2.778,75,17,21,,
T,2026-07-24 18:22:42.000,26.41497167,-80.16297500,1.90,12.058,-27.758,2.623,123,17,21,,
T,2026-07-24 18:22:43.000,26.41495000,-80.16296000,1.90,11.658,-27.758,2.601,155,17,21,,
T,2026-07-24 18:22:44.000,26.41492333,-80.16295000,1.90,11.058,-27.758,2.555,168,17,21,,
T,2026-07-24 18:22:45.000,26.41489167,-80.16294833,1.80,11.058,-27.758,2.575,171,17,21,,
T,2026-07-24 18:22:46.000,26.41486667,-80.16295667,1.90,10.658,-27.758,2.554,202,17,21,,
T,2026-07-24 18:22:47.000,26.41484667,-80.16297333,2.10,10.258,-27.758,2.542,212,17,21,,
T,2026-07-24 18:22:48.000,26.41482667,-80.16299500,1.90,10.457,-27.757,2.542,217,17,21,,
T,2026-07-24 18:22:49.000,26.41481000,-80.16301333,1.90,10.257,-27.757,2.553,233,17,21,,
T,2026-07-24 18:22:50.000,26.41479833,-80.16303833,1.90,10.857,-27.757,2.536,241,17,21,,
T,2026-07-24 18:22:51.000,26.41478333,-80.16305500,2.00,11.757,-27.757,2.546,226,17,21,,
T,2026-07-24 18:22:52.000,26.41476333,-80.16307167,1.90,11.957,-27.757,2.623,215,17,21,,
T,2026-07-24 18:22:53.000,26.41473833,-80.16308667,1.80,12.457,-27.757,2.609,218,17,21,,
T,2026-07-24 18:22:54.000,26.41471833,-80.16309500,1.90,12.657,-27.757,2.656,193,17,21,,
T,2026-07-24 18:22:55.000,26.41469167,-80.16309500,1.80,12.557,-27.757,2.658,177,17,21,,
T,2026-07-24 18:22:56.000,26.41466333,-80.16308667,1.80,12.157,-27.757,2.705,173,17,21,,
T,2026-07-24 18:22:57.000,26.41463667,-80.16308167,2.00,11.857,-27.757,2.739,167,17,21,,
T,2026-07-24 18:22:58.000,26.41461500,-80.16307167,2.20,11.257,-27.757,2.736,152,17,21,,
T,2026-07-24 18:22:59.000,26.41460333,-80.16305667,2.20,10.857,-27.757,2.744,135,17,21,,
T,2026-07-24 18:23:00.000,26.41460667,-80.16303667,1.90,10.657,-27.757,2.720,121,17,21,,
T,2026-07-24 18:23:01.000,26.41460167,-80.16302333,1.90,10.657,-27.757,2.711,111,17,21,,
T,2026-07-24 18:23:02.000,26.41459667,-80.16300167,1.80,10.757,-27.757,2.697,105,17,21,,
T,2026-07-24 18:23:03.000,26.41459167,-80.16298000,1.90,11.357,-27.757,2.667,100,17,21,,
T,2026-07-24 18:23:04.000,26.41458333,-80.16296000,1.90,11.157,-27.757,2.555,108,17,21,,
T,2026-07-24 18:23:05.000,26.41456333,-80.16293333,1.90,10.458,-27.758,2.446,126,17,21,,
T,2026-07-24 18:23:06.000,26.41455000,-80.16291167,1.90,9.758,-27.758,2.354,131,17,21,,
T,2026-07-24 18:23:07.000,26.41454167,-80.16289167,1.80,9.258,-27.758,2.256,129,17,21,,
T,2026-07-24 18:23:08.000,26.41453333,-80.16287333,1.80,8.358,-27.758,2.229,123,17,21,,
T,2026-07-24 18:23:09.000,26.41452333,-80.16285500,1.90,7.758,-27.758,2.133,129,17,21,,
T,2026-07-24 18:23:10.000,26.41451833,-80.16284167,1.90,6.758,-27.758,2.049,76,17,21,,
T,2026-07-24 18:23:11.000,26.41452333,-80.16282500,1.80,6.658,-27.758,1.931,82,17,21,,
T,2026-07-24 18:23:12.000,26.41452500,-80.16281167,1.80,6.558,-27.758,1.777,64,17,21,,
T,2026-07-24 18:23:13.000,26.41452500,-80.16281000,1.80,6.458,-27.758,1.625,317,17,21,,
T,2026-07-24 18:23:14.000,26.41452667,-80.16281333,1.80,6.458,-27.758,1.490,310,17,21,,
T,2026-07-24 18:23:15.000,26.41452500,-80.16281500,2.00,6.558,-27.758,1.314,319,17,21,,
T,2026-07-24 18:23:16.000,26.41452833,-80.16281500,2.00,6.758,-27.758,1.112,344,17,21,,
T,2026-07-24 18:23:17.000,26.41452833,-80.16281500,2.00,7.258,-27.758,0.933,354,16,21,,
T,2026-07-24 18:23:18.000,26.41452833,-80.16280667,1.90,8.458,-27.758,0.722,75,16,21,,
T,2026-07-24 18:23:19.000,26.41452667,-80.16280833,1.80,9.158,-27.758,0.575,247,16,21,,
T,2026-07-24 18:23:20.000,26.41451833,-80.16281000,1.80,9.458,-27.758,0.451,176,17,21,,
T,2026-07-24 18:23:21.000,26.41451000,-80.16280833,1.70,9.958,-27.758,0.000,,17,21,,
T,2026-07-24 18:23:22.000,26.41450333,-80.16280667,1.60,10.358,-27.758,0.000,,17,21,,
T,2026-07-24 18:23:23.000,26.41450500,-80.16280667,1.60,10.858,-27.758,0.000,,17,21,,
T,2026-07-24 18:23:24.000,26.41450500,-80.16280667,1.60,10.858,-27.758,0.000,,17,21,,
T,2026-07-24 18:23:25.000,26.41450500,-80.16280667,1.50,10.858,-27.758,0.000,,17,21,,
T,2026-07-24 18:23:26.000,26.41450500,-80.16280667,1.50,10.858,-27.758,0.000,,17,21,,
T,2026-07-24 18:23:27.000,26.41450500,-80.16280667,1.50,10.858,-27.758,0.000,,17,21,,
T,2026-07-24 18:23:28.000,26.41450500,-80.16280667,1.50,10.858,-27.758,0.000,,17,21,,
T,2026-07-24 18:23:29.000,26.41454667,-80.16277833,1.60,11.458,-27.758,0.331,65,17,21,,
T,2026-07-24 18:23:30.000,26.41455333,-80.16277333,1.60,11.458,-27.758,0.410,52,17,21,,
T,2026-07-24 18:23:31.000,26.41455833,-80.16276667,1.70,11.658,-27.758,0.461,52,17,21,,
T,2026-07-24 18:23:32.000,26.41456333,-80.16275833,1.70,11.558,-27.758,0.525,62,17,21,,
T,2026-07-24 18:23:33.000,26.41456667,-80.16275167,1.70,11.458,-27.758,0.581,74,17,21,,
T,2026-07-24 18:23:34.000,26.41457000,-80.16274500,1.70,11.958,-27.758,0.659,71,17,21,,
T,2026-07-24 18:23:35.000,26.41457333,-80.16273500,1.70,12.458,-27.758,0.737,74,17,21,,
T,2026-07-24 18:23:36.000,26.41458000,-80.16272833,1.70,12.958,-27.758,0.791,68,17,21,,
T,2026-07-24 18:23:37.000,26.41458500,-80.16272500,1.70,13.458,-27.758,0.826,45,17,21,,
T,2026-07-24 18:23:38.000,26.41459333,-80.16272333,1.70,14.158,-27.758,0.842,91,17,21,,
T,2026-07-24 18:23:39.000,26.41459833,-80.16272000,1.70,14.158,-27.758,0.834,122,17,21,,
T,2026-07-24 18:23:40.000,26.41459667,-80.16271667,1.60,14.458,-27.758,0.802,129,17,21,,
T,2026-07-24 18:23:41.000,26.41459500,-80.16271333,1.60,14.558,-27.758,0.771,140,17,21,,
T,2026-07-24 18:23:42.000,26.41459333,-80.16271167,1.60,14.558,-27.758,0.700,115,17,21,,
T,2026-07-24 18:23:43.000,26.41459167,-80.16270833,1.60,14.758,-27.758,0.676,111,17,21,,
T,2026-07-24 18:23:44.000,26.41459167,-80.16270833,1.50,14.958,-27.758,0.607,101,17,21,,
T,2026-07-24 18:23:45.000,26.41459500,-80.16270667,1.50,15.258,-27.758,0.522,40,16,21,,
T,2026-07-24 18:23:46.000,26.41459667,-80.16270667,1.50,15.558,-27.758,0.452,154,16,21,,
T,2026-07-24 18:23:47.000,26.41459500,-80.16270667,1.50,15.958,-27.758,0.000,,16,21,,
T,2026-07-24 18:23:48.000,26.41459333,-80.16270833,1.50,16.158,-27.758,0.000,,16,21,,
