type,date time,latitude,longitude,accuracy(m),altitude(m),geoid_height(m),speed(m/s),bearing(deg),sat_used,sat_inview,name,desc
W,2026-07-24 15:22:51.000,26.42368833,-80.15282500,1.90,7.004,-27.804,0.000,,16,19,,Station2
W,2026-07-24 15:28:30.000,26.42080000,-80.16329000,2.00,1.560,-27.760,3.041,255,17,19,,Int13
W,2026-07-24 15:29:08.000,26.42040333,-80.16474833,1.80,0.153,-27.753,0.000,,17,19,,Int14
W,2026-07-24 15:33:28.000,26.41736667,-80.16767167,1.90,12.840,-27.740,0.000,,15,19,,Int15
W,2026-07-24 15:34:55.000,26.41654667,-80.17014000,1.10,9.829,-27.729,0.000,,15,19,,Station3
T,2026-07-24 15:22:47.000,26.42368833,-80.15282500,1.90,7.004,-27.804,0.000,,16,19,20260724-112247,GPS Logger: 20260724-112247 - ST2-3
T,2026-07-24 15:22:48.000,26.42368833,-80.15282500,1.90,7.004,-27.804,0.000,,16,19,,
T,2026-07-24 15:22:49.000,26.42368833,-80.15282500,1.90,7.004,-27.804,0.000,,16,19,,
T,2026-07-24 15:22:50.000,26.42368833,-80.15282500,1.90,7.004,-27.804,0.000,,16,19,,
T,2026-07-24 15:22:51.000,26.42368833,-80.15282500,1.90,7.004,-27.804,0.000,,16,19,,
T,2026-07-24 15:22:52.000,26.42368833,-80.15282500,1.90,7.004,-27.804,0.000,,16,19,,
T,2026-07-24 15:22:53.000,26.42368833,-80.15282500,1.90,7.004,-27.804,0.000,,16,19,,
T,2026-07-24 15:22:54.000,26.42368833,-80.15282500,1.90,7.004,-27.804,0.000,,16,19,,
T,2026-07-24 15:22:55.000,26.42368833,-80.15282500,1.90,7.004,-27.804,0.000,,16,19,,
T,2026-07-24 15:22:56.000,26.42368833,-80.15282500,1.90,7.004,-27.804,0.000,,16,19,,
T,2026-07-24 15:22:57.000,26.42368833,-80.15282500,1.90,7.004,-27.804,0.000,,15,19,,
T,2026-07-24 15:22:58.000,26.42368833,-80.15282500,1.90,7.004,-27.804,0.000,,15,19,,
T,2026-07-24 15:22:59.000,26.42368833,-80.15282500,1.80,7.004,-27.804,0.000,,15,19,,
T,2026-07-24 15:23:00.000,26.42368833,-80.15282500,1.80,7.004,-27.804,0.000,,16,19,,
T,2026-07-24 15:23:01.000,26.42368833,-80.15282500,1.80,7.004,-27.804,0.000,,16,19,,
T,2026-07-24 15:23:02.000,26.42368833,-80.15282500,1.90,7.004,-27.804,0.000,,16,19,,
T,2026-07-24 15:23:03.000,26.42367833,-80.15282333,1.90,8.204,-27.804,0.273,149,16,19,,
T,2026-07-24 15:23:04.000,26.42366833,-80.15281833,1.80,8.304,-27.804,0.333,160,16,19,,
T,2026-07-24 15:23:05.000,26.42366333,-80.15282000,1.80,8.304,-27.804,0.000,,16,19,,
T,2026-07-24 15:23:06.000,26.42366167,-80.15281500,1.80,8.204,-27.804,0.000,,16,19,,
T,2026-07-24 15:23:07.000,26.42366500,-80.15281500,1.80,8.004,-27.804,0.000,,16,19,,
T,2026-07-24 15:23:08.000,26.42366667,-80.15282000,1.80,7.604,-27.804,0.432,285,16,19,,
T,2026-07-24 15:23:09.000,26.42367000,-80.15282667,1.80,7.304,-27.804,0.450,271,16,19,,
T,2026-07-24 15:23:10.000,26.42367333,-80.15283333,1.80,7.104,-27.804,0.469,286,16,19,,
T,2026-07-24 15:23:11.000,26.42367333,-80.15283833,1.70,7.104,-27.804,0.458,49,16,19,,
T,2026-07-24 15:23:12.000,26.42367333,-80.15283667,1.70,6.904,-27.804,0.401,322,14,19,,
T,2026-07-24 15:23:13.000,26.42367333,-80.15283667,1.60,6.904,-27.804,0.000,,15,19,,
T,2026-07-24 15:23:14.000,26.42367333,-80.15283333,1.60,6.804,-27.804,0.000,,15,19,,
T,2026-07-24 15:23:15.000,26.42367333,-80.15283167,1.60,6.804,-27.804,0.000,,14,19,,
T,2026-07-24 15:23:16.000,26.42367333,-80.15283167,1.60,6.804,-27.804,0.000,,15,19,,
T,2026-07-24 15:23:17.000,26.42367333,-80.15283167,1.60,6.804,-27.804,0.000,,15,19,,
T,2026-07-24 15:23:18.000,26.42367333,-80.15283167,1.60,6.804,-27.804,0.000,,14,19,,
T,2026-07-24 15:23:19.000,26.42367333,-80.15283167,1.70,6.804,-27.804,0.000,,14,19,,
T,2026-07-24 15:23:20.000,26.42367333,-80.15283167,1.60,6.804,-27.804,0.000,,14,19,,
T,2026-07-24 15:23:21.000,26.42367333,-80.15283167,1.60,6.804,-27.804,0.000,,14,19,,
T,2026-07-24 15:23:22.000,26.42367333,-80.15283167,1.60,6.804,-27.804,0.000,,13,19,,
T,2026-07-24 15:23:23.000,26.42367333,-80.15283167,1.60,6.804,-27.804,0.000,,12,19,,
T,2026-07-24 15:23:24.000,26.42367333,-80.15283167,1.60,6.804,-27.804,0.000,,12,19,,
T,2026-07-24 15:23:25.000,26.42367333,-80.15283167,1.60,6.804,-27.804,0.000,,13,19,,
T,2026-07-24 15:23:26.000,26.42367333,-80.15283167,1.60,6.804,-27.804,0.000,,13,19,,
T,2026-07-24 15:23:27.000,26.42367333,-80.15283167,1.60,6.804,-27.804,0.000,,13,19,,
T,2026-07-24 15:23:28.000,26.42367333,-80.15283167,1.60,6.804,-27.804,0.000,,14,19,,
T,2026-07-24 15:23:29.000,26.42367333,-80.15283167,1.60,6.804,-27.804,0.000,,14,19,,
T,2026-07-24 15:23:30.000,26.42367333,-80.15283167,1.60,6.804,-27.804,0.000,,14,19,,
T,2026-07-24 15:23:31.000,26.42367333,-80.15283167,1.50,6.804,-27.804,0.000,,15,19,,
T,2026-07-24 15:23:32.000,26.42367333,-80.15283167,1.50,6.804,-27.804,0.000,,16,19,,
T,2026-07-24 15:23:33.000,26.42367333,-80.15283167,1.50,6.804,-27.804,0.000,,17,19,,
T,2026-07-24 15:23:34.000,26.42367333,-80.15283167,1.60,6.804,-27.804,0.000,,17,19,,
T,2026-07-24 15:23:35.000,26.42367333,-80.15283167,1.70,6.804,-27.804,0.000,,17,19,,
T,2026-07-24 15:23:36.000,26.42367333,-80.15283167,1.70,6.804,-27.804,0.000,,17,19,,
T,2026-07-24 15:23:37.000,26.42367333,-80.15283167,1.70,6.804,-27.804,0.000,,17,19,,
T,2026-07-24 15:23:38.000,26.42367333,-80.15283167,1.80,6.804,-27.804,0.000,,17,19,,
T,2026-07-24 15:23:39.000,26.42367333,-80.15283167,1.80,6.804,-27.804,0.000,,16,19,,
T,2026-07-24 15:23:40.000,26.42364500,-80.15280833,1.70,7.304,-27.804,0.284,193,16,19,,
T,2026-07-24 15:23:41.000,26.42363333,-80.15280833,1.70,7.404,-27.804,0.403,173,17,19,,
T,2026-07-24 15:23:42.000,26.42362500,-80.15281167,1.70,7.604,-27.804,0.510,230,17,19,,
T,2026-07-24 15:23:43.000,26.42361833,-80.15281833,1.80,7.704,-27.804,0.590,255,18,19,,
T,2026-07-24 15:23:44.000,26.42361167,-80.15281833,1.90,7.704,-27.804,0.666,215,18,19,,
T,2026-07-24 15:23:45.000,26.42360167,-80.15281833,2.00,8.204,-27.804,0.738,192,18,19,,
T,2026-07-24 15:23:46.000,26.42359167,-80.15282000,2.10,8.904,-27.804,0.922,181,18,19,,
T,2026-07-24 15:23:47.000,26.42356667,-80.15282000,2.10,9.004,-27.804,1.055,162,18,19,,
T,2026-07-24 15:23:48.000,26.42354500,-80.15281333,2.00,9.204,-27.804,1.252,167,18,19,,
T,2026-07-24 15:23:49.000,26.42353333,-80.15280833,1.90,9.404,-27.804,1.348,148,17,19,,
T,2026-07-24 15:23:50.000,26.42352833,-80.15280000,1.90,9.604,-27.804,1.320,115,18,19,,
T,2026-07-24 15:23:51.000,26.42352333,-80.15278667,1.90,9.604,-27.804,1.363,101,18,19,,
T,2026-07-24 15:23:52.000,26.42352000,-80.15276833,1.90,9.404,-27.804,1.399,111,18,19,,
T,2026-07-24 15:23:53.000,26.42351833,-80.15276500,1.90,9.104,-27.804,1.387,96,18,19,,
T,2026-07-24 15:23:54.000,26.42351667,-80.15276000,1.90,9.004,-27.804,1.330,120,18,19,,
T,2026-07-24 15:23:55.000,26.42351167,-80.15276500,1.90,8.904,-27.804,1.319,237,18,19,,
T,2026-07-24 15:23:56.000,26.42350500,-80.15277667,1.80,8.904,-27.804,1.242,233,18,19,,
T,2026-07-24 15:23:57.000,26.42349167,-80.15278833,1.80,9.104,-27.804,1.217,232,18,19,,
T,2026-07-24 15:23:58.000,26.42347667,-80.15279833,1.90,9.104,-27.804,1.167,212,18,19,,
T,2026-07-24 15:23:59.000,26.42345667,-80.15281167,1.90,8.604,-27.804,1.211,223,18,19,,
T,2026-07-24 15:24:00.000,26.42344000,-80.15282333,1.90,8.604,-27.804,1.271,230,18,19,,
T,2026-07-24 15:24:01.000,26.42343167,-80.15283500,1.90,8.204,-27.804,1.280,237,18,19,,
T,2026-07-24 15:24:02.000,26.42341833,-80.15284833,1.90,7.504,-27.804,1.345,232,18,19,,
T,2026-07-24 15:24:03.000,26.42340000,-80.15286500,1.90,7.404,-27.804,1.513,226,18,19,,
T,2026-07-24 15:24:04.000,26.42338667,-80.15288333,1.90,7.004,-27.804,1.701,241,18,19,,
T,2026-07-24 15:24:05.000,26.42337667,-80.15289833,1.90,6.504,-27.804,1.837,244,18,19,,
T,2026-07-24 15:24:06.000,26.42336667,-80.15291667,1.90,6.004,-27.804,1.938,250,17,19,,
T,2026-07-24 15:24:07.000,26.42335667,-80.15293667,1.90,6.104,-27.804,2.007,250,18,19,,
T,2026-07-24 15:24:08.000,26.42334167,-80.15295333,1.90,6.304,-27.804,2.011,229,18,19,,
T,2026-07-24 15:24:09.000,26.42332833,-80.15297333,1.90,6.503,-27.803,2.010,237,18,19,,
T,2026-07-24 15:24:10.000,26.42332000,-80.15300000,1.90,6.203,-27.803,2.127,239,18,19,,
T,2026-07-24 15:24:11.000,26.42331167,-80.15302500,1.80,6.103,-27.803,2.253,237,17,19,,
T,2026-07-24 15:24:12.000,26.42330167,-80.15304667,1.90,6.003,-27.803,2.318,237,18,19,,
T,2026-07-24 15:24:13.000,26.42329167,-80.15307500,1.90,5.703,-27.803,2.371,245,17,19,,
T,2026-07-24 15:24:14.000,26.42328167,-80.15310000,1.90,5.503,-27.803,2.421,247,17,19,,
T,2026-07-24 15:24:15.000,26.42327167,-80.15313000,1.90,5.703,-27.803,2.476,255,16,19,,
T,2026-07-24 15:24:16.000,26.42326000,-80.15315333,2.00,5.403,-27.803,2.496,243,16,19,,
T,2026-07-24 15:24:17.000,26.42324667,-80.15316833,2.00,5.403,-27.803,2.531,232,16,19,,
T,2026-07-24 15:24:18.000,26.42322833,-80.15318333,2.00,5.403,-27.803,2.603,232,16,19,,
T,2026-07-24 15:24:19.000,26.42320833,-80.15319833,2.00,4.902,-27.802,2.678,220,16,19,,
T,2026-07-24 15:24:20.000,26.42319167,-80.15320500,2.00,4.302,-27.802,2.697,200,16,19,,
T,2026-07-24 15:24:21.000,26.42316833,-80.15321500,2.10,3.302,-27.802,2.606,175,16,19,,
T,2026-07-24 15:24:22.000,26.42315000,-80.15321167,2.10,3.102,-27.802,2.522,175,16,19,,
T,2026-07-24 15:24:23.000,26.42313500,-80.15320833,2.10,2.802,-27.802,2.364,138,15,19,,
T,2026-07-24 15:24:24.000,26.42312500,-80.15320167,2.10,2.602,-27.802,2.248,116,15,19,,
T,2026-07-24 15:24:25.000,26.42311667,-80.15319667,2.20,2.702,-27.802,2.126,154,15,19,,
T,2026-07-24 15:24:26.000,26.42310500,-80.15319667,2.20,2.702,-27.802,2.018,152,16,19,,
T,2026-07-24 15:24:27.000,26.42309167,-80.15319833,2.20,3.602,-27.802,1.909,171,16,19,,
T,2026-07-24 15:24:28.000,26.42307167,-80.15320000,2.20,3.602,-27.802,1.829,186,16,19,,
T,2026-07-24 15:24:29.000,26.42305500,-80.15320167,2.20,4.002,-27.802,1.746,189,16,19,,
T,2026-07-24 15:24:30.000,26.42303833,-80.15320833,2.10,4.102,-27.802,1.627,179,16,19,,
T,2026-07-24 15:24:31.000,26.42301667,-80.15320667,2.20,4.202,-27.802,1.573,163,16,19,,
T,2026-07-24 15:24:32.000,26.42299833,-80.15321000,2.20,4.402,-27.802,1.515,175,16,19,,
T,2026-07-24 15:24:33.000,26.42297667,-80.15322167,2.10,4.302,-27.802,1.532,166,16,19,,
T,2026-07-24 15:24:34.000,26.42295667,-80.15322667,2.00,4.602,-27.802,1.611,168,16,19,,
T,2026-07-24 15:24:35.000,26.42293333,-80.15322833,2.00,4.702,-27.802,1.668,177,16,19,,
T,2026-07-24 15:24:36.000,26.42290833,-80.15322500,2.00,5.302,-27.802,1.727,170,16,19,,
T,2026-07-24 15:24:37.000,26.42288500,-80.15321833,2.00,5.602,-27.802,1.815,167,15,19,,
T,2026-07-24 15:24:38.000,26.42286167,-80.15321333,2.00,6.402,-27.802,1.861,168,15,19,,
T,2026-07-24 15:24:39.000,26.42285000,-80.15320500,2.00,7.002,-27.802,1.837,206,15,19,,
T,2026-07-24 15:24:40.000,26.42283667,-80.15320833,2.00,6.602,-27.802,1.832,176,15,19,,
T,2026-07-24 15:24:41.000,26.42282000,-80.15320833,1.90,6.302,-27.802,1.823,210,16,19,,
T,2026-07-24 15:24:42.000,26.42280667,-80.15321333,1.90,6.602,-27.802,1.865,208,16,19,,
T,2026-07-24 15:24:43.000,26.42279333,-80.15321500,1.80,7.802,-27.802,1.840,195,16,19,,
T,2026-07-24 15:24:44.000,26.42278000,-80.15321500,1.80,7.802,-27.802,1.720,189,16,19,,
T,2026-07-24 15:24:45.000,26.42277000,-80.15320833,1.80,7.702,-27.802,1.585,217,16,19,,
T,2026-07-24 15:24:46.000,26.42276167,-80.15320833,1.80,8.002,-27.802,1.457,202,16,19,,
T,2026-07-24 15:24:47.000,26.42275667,-80.15321000,1.70,8.202,-27.802,1.236,270,17,19,,
T,2026-07-24 15:24:48.000,26.42275333,-80.15321000,1.70,8.602,-27.802,1.032,55,16,19,,
T,2026-07-24 15:24:49.000,26.42274833,-80.15320833,1.70,8.902,-27.802,0.901,130,16,19,,
T,2026-07-24 15:24:50.000,26.42274167,-80.15320500,1.60,9.302,-27.802,0.748,76,17,19,,
T,2026-07-24 15:24:51.000,26.42273833,-80.15320500,1.60,9.402,-27.802,0.617,232,17,19,,
T,2026-07-24 15:24:52.000,26.42273667,-80.15320500,1.60,9.502,-27.802,0.453,319,17,19,,
T,2026-07-24 15:24:53.000,26.42273333,-80.15320833,1.60,9.702,-27.802,0.000,,16,19,,
T,2026-07-24 15:24:54.000,26.42273167,-80.15320833,1.70,9.702,-27.802,0.000,,16,19,,
T,2026-07-24 15:24:55.000,26.42272833,-80.15320667,1.60,9.702,-27.802,0.000,,16,19,,
T,2026-07-24 15:24:56.000,26.42272833,-80.15320667,1.60,9.702,-27.802,0.000,,16,19,,
T,2026-07-24 15:24:57.000,26.42272833,-80.15320667,1.60,9.702,-27.802,0.000,,16,19,,
T,2026-07-24 15:24:58.000,26.42272833,-80.15320667,1.60,9.702,-27.802,0.000,,17,19,,
T,2026-07-24 15:24:59.000,26.42272833,-80.15320667,1.60,9.702,-27.802,0.000,,17,19,,
T,2026-07-24 15:25:00.000,26.42272833,-80.15320667,1.60,9.702,-27.802,0.000,,17,19,,
T,2026-07-24 15:25:01.000,26.42271500,-80.15320500,1.60,8.002,-27.802,0.314,199,17,19,,
T,2026-07-24 15:25:02.000,26.42270000,-80.15321333,1.60,7.602,-27.802,0.519,223,17,19,,
T,2026-07-24 15:25:03.000,26.42269167,-80.15323667,1.50,7.102,-27.802,0.773,255,17,19,,
T,2026-07-24 15:25:04.000,26.42269000,-80.15327000,1.50,7.002,-27.802,1.098,268,17,19,,
T,2026-07-24 15:25:05.000,26.42269667,-80.15330833,1.70,6.702,-27.802,1.474,278,15,19,,
T,2026-07-24 15:25:06.000,26.42270667,-80.15334667,1.80,6.502,-27.802,1.876,277,15,19,,
T,2026-07-24 15:25:07.000,26.42270833,-80.15339000,1.80,6.301,-27.801,2.309,272,16,19,,
T,2026-07-24 15:25:08.000,26.42271000,-80.15344167,1.90,5.801,-27.801,2.810,268,15,19,,
T,2026-07-24 15:25:09.000,26.42270833,-80.15349333,1.90,5.501,-27.801,3.335,268,16,19,,
T,2026-07-24 15:25:10.000,26.42271167,-80.15355000,1.80,5.301,-27.801,3.850,271,16,19,,
T,2026-07-24 15:25:11.000,26.42271333,-80.15360833,1.80,4.700,-27.800,4.310,271,16,19,,
T,2026-07-24 15:25:12.000,26.42271667,-80.15367333,2.00,4.400,-27.800,4.743,273,16,19,,
T,2026-07-24 15:25:13.000,26.42272167,-80.15374167,2.20,4.400,-27.800,5.136,267,16,19,,
T,2026-07-24 15:25:14.000,26.42272000,-80.15380333,2.40,4.100,-27.800,5.478,269,16,19,,
T,2026-07-24 15:25:15.000,26.42271833,-80.15387333,2.50,3.799,-27.799,5.789,269,16,19,,
T,2026-07-24 15:25:16.000,26.42272000,-80.15394000,2.50,3.099,-27.799,6.085,269,16,19,,
T,2026-07-24 15:25:17.000,26.42271000,-80.15401500,2.20,3.099,-27.799,7.033,269,16,19,,
T,2026-07-24 15:25:18.000,26.42272167,-80.15409333,2.10,3.198,-27.798,7.176,271,16,19,,
T,2026-07-24 15:25:19.000,26.42272167,-80.15416167,1.90,2.698,-27.798,7.199,272,16,19,,
T,2026-07-24 15:25:20.000,26.42272167,-80.15423667,2.10,3.098,-27.798,7.101,274,15,19,,
T,2026-07-24 15:25:21.000,26.42271833,-80.15431500,2.10,3.798,-27.798,7.138,273,15,19,,
T,2026-07-24 15:25:22.000,26.42273000,-80.15438667,2.00,3.697,-27.797,7.159,275,15,19,,
T,2026-07-24 15:25:23.000,26.42273000,-80.15446167,2.10,3.697,-27.797,7.347,278,15,19,,
T,2026-07-24 15:25:24.000,26.42273667,-80.15453667,2.00,4.097,-27.797,7.314,276,15,19,,
T,2026-07-24 15:25:25.000,26.42274833,-80.15460833,1.90,4.396,-27.796,7.175,277,16,19,,
T,2026-07-24 15:25:26.000,26.42276000,-80.15468167,1.90,4.396,-27.796,7.422,277,16,19,,
T,2026-07-24 15:25:27.000,26.42277500,-80.15475333,1.80,4.096,-27.796,7.457,280,16,19,,
T,2026-07-24 15:25:28.000,26.42278500,-80.15482333,1.80,3.696,-27.796,7.721,280,16,19,,
T,2026-07-24 15:25:29.000,26.42279167,-80.15490000,1.70,3.495,-27.795,7.880,279,16,19,,
T,2026-07-24 15:25:30.000,26.42280000,-80.15497833,1.70,3.895,-27.795,7.607,279,16,19,,
T,2026-07-24 15:25:31.000,26.42280667,-80.15505500,1.70,3.795,-27.795,7.745,279,16,19,,
T,2026-07-24 15:25:32.000,26.42281833,-80.15513500,1.70,3.694,-27.794,7.879,282,16,19,,
T,2026-07-24 15:25:33.000,26.42283500,-80.15521333,1.70,3.594,-27.794,7.711,284,16,19,,
T,2026-07-24 15:25:34.000,26.42286333,-80.15529833,2.00,3.494,-27.794,7.812,286,16,19,,
T,2026-07-24 15:25:35.000,26.42288500,-80.15538167,2.10,3.793,-27.793,7.676,283,16,19,,
T,2026-07-24 15:25:36.000,26.42290000,-80.15546333,2.10,4.393,-27.793,7.957,281,16,19,,
T,2026-07-24 15:25:37.000,26.42291667,-80.15553667,2.10,4.593,-27.793,7.846,280,16,19,,
T,2026-07-24 15:25:38.000,26.42293500,-80.15560500,2.10,5.092,-27.792,7.435,278,16,19,,
T,2026-07-24 15:25:39.000,26.42294667,-80.15568500,1.90,5.192,-27.792,7.790,278,16,19,,
T,2026-07-24 15:25:40.000,26.42294833,-80.15576167,2.00,4.792,-27.792,7.784,277,15,19,,
T,2026-07-24 15:25:41.000,26.42295500,-80.15584167,1.90,4.991,-27.791,7.778,277,16,19,,
T,2026-07-24 15:25:42.000,26.42296000,-80.15592000,1.80,5.391,-27.791,7.661,274,16,19,,
T,2026-07-24 15:25:43.000,26.42296333,-80.15599667,1.70,5.691,-27.791,7.697,273,16,19,,
T,2026-07-24 15:25:44.000,26.42297000,-80.15607333,1.90,6.190,-27.790,7.668,271,16,19,,
T,2026-07-24 15:25:45.000,26.42297167,-80.15615167,1.80,6.290,-27.790,7.675,271,16,19,,
T,2026-07-24 15:25:46.000,26.42297667,-80.15622500,1.90,5.990,-27.790,7.666,271,16,19,,
T,2026-07-24 15:25:47.000,26.42297500,-80.15630333,1.70,6.290,-27.790,7.706,271,16,19,,
T,2026-07-24 15:25:48.000,26.42296833,-80.15638333,1.80,6.089,-27.789,7.696,268,15,19,,
T,2026-07-24 15:25:49.000,26.42296833,-80.15646167,1.70,5.589,-27.789,7.713,269,16,19,,
T,2026-07-24 15:25:50.000,26.42296000,-80.15653833,1.60,5.489,-27.789,7.720,267,16,19,,
T,2026-07-24 15:25:51.000,26.42294167,-80.15661500,1.80,5.088,-27.788,7.857,265,15,19,,
T,2026-07-24 15:25:52.000,26.42293167,-80.15669333,1.90,4.788,-27.788,7.827,264,16,19,,
T,2026-07-24 15:25:53.000,26.42292500,-80.15677333,1.90,5.188,-27.788,7.861,264,15,19,,
T,2026-07-24 15:25:54.000,26.42292500,-80.15684500,1.90,5.787,-27.787,7.828,260,16,19,,
T,2026-07-24 15:25:55.000,26.42291500,-80.15692167,1.80,6.287,-27.787,7.823,259,17,19,,
T,2026-07-24 15:25:56.000,26.42289833,-80.15700167,1.60,6.687,-27.787,7.836,258,17,19,,
T,2026-07-24 15:25:57.000,26.42288000,-80.15707667,2.00,6.986,-27.786,7.645,257,15,19,,
T,2026-07-24 15:25:58.000,26.42286167,-80.15715333,2.10,7.286,-27.786,7.736,255,16,19,,
T,2026-07-24 15:25:59.000,26.42284667,-80.15723000,1.90,7.586,-27.786,7.705,257,17,19,,
T,2026-07-24 15:26:00.000,26.42283333,-80.15730833,2.10,7.685,-27.785,7.498,259,17,19,,
T,2026-07-24 15:26:01.000,26.42281667,-80.15738167,1.90,7.385,-27.785,7.530,259,17,19,,
T,2026-07-24 15:26:02.000,26.42280500,-80.15745833,1.80,7.385,-27.785,7.761,263,17,19,,
T,2026-07-24 15:26:03.000,26.42279167,-80.15753500,1.80,7.484,-27.784,7.751,263,15,19,,
T,2026-07-24 15:26:04.000,26.42278000,-80.15761000,1.70,7.484,-27.784,7.757,260,15,19,,
T,2026-07-24 15:26:05.000,26.42277167,-80.15768333,1.60,6.984,-27.784,7.733,261,16,19,,
T,2026-07-24 15:26:06.000,26.42276167,-80.15775833,1.60,6.583,-27.783,7.771,261,15,19,,
T,2026-07-24 15:26:07.000,26.42275667,-80.15783500,1.90,5.883,-27.783,7.748,262,15,19,,
T,2026-07-24 15:26:08.000,26.42274500,-80.15791167,1.70,5.483,-27.783,7.738,263,16,19,,
T,2026-07-24 15:26:09.000,26.42273333,-80.15799333,1.90,4.982,-27.782,7.851,262,16,19,,
T,2026-07-24 15:26:10.000,26.42272833,-80.15806833,1.90,4.582,-27.782,7.832,262,16,19,,
T,2026-07-24 15:26:11.000,26.42271667,-80.15814500,2.00,4.082,-27.782,7.832,265,16,19,,
T,2026-07-24 15:26:12.000,26.42271000,-80.15822333,2.00,3.781,-27.781,7.731,266,16,19,,
T,2026-07-24 15:26:13.000,26.42270833,-80.15830167,2.00,3.981,-27.781,7.768,269,15,19,,
T,2026-07-24 15:26:14.000,26.42271000,-80.15838000,2.00,4.681,-27.781,7.850,270,16,19,,
T,2026-07-24 15:26:15.000,26.42272000,-80.15845333,2.00,4.581,-27.781,7.886,273,16,19,,
T,2026-07-24 15:26:16.000,26.42272833,-80.15853167,1.90,4.580,-27.780,8.190,274,16,19,,
T,2026-07-24 15:26:17.000,26.42273167,-80.15861333,2.00,5.080,-27.780,8.088,272,15,19,,
T,2026-07-24 15:26:18.000,26.42273000,-80.15869333,1.80,4.880,-27.780,7.871,272,16,19,,
T,2026-07-24 15:26:19.000,26.42273500,-80.15876833,1.80,4.579,-27.779,7.747,270,15,19,,
T,2026-07-24 15:26:20.000,26.42273833,-80.15884167,1.80,4.379,-27.779,7.752,271,15,19,,
T,2026-07-24 15:26:21.000,26.42273833,-80.15891667,1.70,4.179,-27.779,7.718,270,16,19,,
T,2026-07-24 15:26:22.000,26.42273333,-80.15899167,1.70,3.878,-27.778,7.142,267,16,19,,
T,2026-07-24 15:26:23.000,26.42272667,-80.15906333,1.80,3.078,-27.778,7.420,268,16,19,,
T,2026-07-24 15:26:24.000,26.42272167,-80.15914000,1.80,3.178,-27.778,7.454,265,16,19,,
T,2026-07-24 15:26:25.000,26.42271333,-80.15921667,1.70,3.577,-27.777,7.757,261,16,19,,
T,2026-07-24 15:26:26.000,26.42270000,-80.15929000,2.00,3.177,-27.777,7.736,257,15,19,,
T,2026-07-24 15:26:27.000,26.42267833,-80.15936167,1.80,2.877,-27.777,7.586,253,16,19,,
T,2026-07-24 15:26:28.000,26.42265833,-80.15943000,1.70,2.276,-27.776,7.596,245,16,19,,
T,2026-07-24 15:26:29.000,26.42262333,-80.15950167,1.90,2.376,-27.776,7.695,237,15,19,,
T,2026-07-24 15:26:30.000,26.42258000,-80.15956667,1.90,2.376,-27.776,7.536,234,15,19,,
T,2026-07-24 15:26:31.000,26.42253333,-80.15963333,1.90,2.276,-27.776,7.942,233,15,19,,
T,2026-07-24 15:26:32.000,26.42248000,-80.15968667,1.90,3.375,-27.775,7.852,222,16,19,,
T,2026-07-24 15:26:33.000,26.42242167,-80.15972667,1.90,3.975,-27.775,7.851,216,16,19,,
T,2026-07-24 15:26:34.000,26.42236167,-80.15977333,2.00,4.375,-27.775,7.738,211,16,19,,
T,2026-07-24 15:26:35.000,26.42230333,-80.15981000,2.00,4.275,-27.775,8.067,211,15,19,,
T,2026-07-24 15:26:36.000,26.42224167,-80.15984667,2.00,3.975,-27.775,7.894,215,15,19,,
T,2026-07-24 15:26:37.000,26.42217333,-80.15987500,1.90,3.874,-27.774,8.278,206,16,19,,
T,2026-07-24 15:26:38.000,26.42210167,-80.15987833,2.00,3.974,-27.774,8.372,191,16,19,,
T,2026-07-24 15:26:39.000,26.42203167,-80.15988000,2.00,4.174,-27.774,7.735,183,17,19,,
T,2026-07-24 15:26:40.000,26.42196167,-80.15987333,1.80,4.574,-27.774,7.713,177,17,19,,
T,2026-07-24 15:26:41.000,26.42189167,-80.15986500,1.70,5.174,-27.774,7.728,172,16,19,,
T,2026-07-24 15:26:42.000,26.42182000,-80.15985167,1.60,5.474,-27.774,7.761,166,17,19,,
T,2026-07-24 15:26:43.000,26.42175333,-80.15983167,1.60,5.374,-27.774,7.545,163,17,19,,
T,2026-07-24 15:26:44.000,26.42169000,-80.15981000,1.60,5.374,-27.774,7.511,161,17,19,,
T,2026-07-24 15:26:45.000,26.42162167,-80.15978167,1.60,5.374,-27.774,7.888,158,17,19,,
T,2026-07-24 15:26:46.000,26.42155333,-80.15975167,1.60,4.975,-27.775,8.751,156,16,19,,
T,2026-07-24 15:26:47.000,26.42149000,-80.15972167,1.60,4.875,-27.775,7.946,154,16,19,,
T,2026-07-24 15:26:48.000,26.42142667,-80.15968500,1.60,4.875,-27.775,7.649,153,15,19,,
T,2026-07-24 15:26:49.000,26.42136667,-80.15964833,1.60,5.175,-27.775,7.422,151,17,19,,
T,2026-07-24 15:26:50.000,26.42131000,-80.15960667,1.60,5.475,-27.775,7.704,145,17,19,,
T,2026-07-24 15:26:51.000,26.42125500,-80.15956167,1.60,5.475,-27.775,7.385,146,17,19,,
T,2026-07-24 15:26:52.000,26.42120000,-80.15952167,1.60,5.375,-27.775,7.389,146,17,19,,
T,2026-07-24 15:26:53.000,26.42114333,-80.15947500,1.60,5.775,-27.775,7.485,143,17,19,,
T,2026-07-24 15:26:54.000,26.42109000,-80.15942833,1.60,5.876,-27.776,7.461,141,17,19,,
T,2026-07-24 15:26:55.000,26.42103833,-80.15938833,1.60,5.276,-27.776,7.446,140,17,19,,
T,2026-07-24 15:26:56.000,26.42098833,-80.15933500,1.70,5.076,-27.776,7.967,136,17,19,,
T,2026-07-24 15:26:57.000,26.42094667,-80.15928000,1.80,5.076,-27.776,7.131,135,17,19,,
T,2026-07-24 15:26:58.000,26.42090333,-80.15922833,1.80,5.076,-27.776,7.283,137,17,19,,
T,2026-07-24 15:26:59.000,26.42085333,-80.15917333,1.90,5.077,-27.777,7.546,134,17,19,,
T,2026-07-24 15:27:00.000,26.42080000,-80.15910833,2.00,5.177,-27.777,8.044,139,17,19,,
T,2026-07-24 15:27:01.000,26.42074333,-80.15905333,2.00,5.377,-27.777,7.638,146,17,19,,
T,2026-07-24 15:27:02.000,26.42069167,-80.15900333,2.00,4.777,-27.777,7.456,145,17,19,,
T,2026-07-24 15:27:03.000,26.42063667,-80.15895833,2.50,3.877,-27.777,7.300,142,17,19,,
T,2026-07-24 15:27:04.000,26.42058167,-80.15891500,2.10,3.877,-27.777,7.289,145,17,19,,
T,2026-07-24 15:27:05.000,26.42052667,-80.15887000,1.90,4.278,-27.778,7.708,148,17,19,,
T,2026-07-24 15:27:06.000,26.42047333,-80.15882333,1.80,3.978,-27.778,7.183,142,17,19,,
T,2026-07-24 15:27:07.000,26.42042000,-80.15878167,1.80,3.878,-27.778,7.444,142,17,19,,
T,2026-07-24 15:27:08.000,26.42036500,-80.15874333,1.80,3.478,-27.778,7.109,149,17,19,,
T,2026-07-24 15:27:09.000,26.42031000,-80.15870833,1.80,3.178,-27.778,6.930,151,17,19,,
T,2026-07-24 15:27:10.000,26.42026500,-80.15867667,1.80,3.178,-27.778,5.606,149,16,19,,
T,2026-07-24 15:27:11.000,26.42022000,-80.15865000,1.80,3.378,-27.778,4.997,149,16,19,,
T,2026-07-24 15:27:12.000,26.42018000,-80.15862500,1.80,3.378,-27.778,4.596,153,17,19,,
T,2026-07-24 15:27:13.000,26.42014500,-80.15862167,1.90,3.578,-27.778,4.221,162,17,19,,
T,2026-07-24 15:27:14.000,26.42011500,-80.15862500,2.00,3.678,-27.778,4.392,183,16,19,,
T,2026-07-24 15:27:15.000,26.42008500,-80.15865667,2.00,4.278,-27.778,5.025,222,16,19,,
T,2026-07-24 15:27:16.000,26.42004667,-80.15869500,1.90,4.978,-27.778,5.719,227,17,19,,
T,2026-07-24 15:27:17.000,26.41999833,-80.15874167,1.90,5.578,-27.778,5.514,224,17,19,,
T,2026-07-24 15:27:18.000,26.41994167,-80.15879000,2.00,6.278,-27.778,6.578,223,17,19,,
T,2026-07-24 15:27:19.000,26.41988500,-80.15884667,1.90,6.977,-27.777,7.510,224,17,19,,
T,2026-07-24 15:27:20.000,26.41983333,-80.15890833,1.90,7.477,-27.777,7.679,226,17,19,,
T,2026-07-24 15:27:21.000,26.41977833,-80.15897000,1.90,7.677,-27.777,7.669,226,17,19,,
T,2026-07-24 15:27:22.000,26.41973333,-80.15903500,1.90,7.376,-27.776,7.585,227,17,19,,
T,2026-07-24 15:27:23.000,26.41969333,-80.15909333,1.90,6.976,-27.776,6.291,228,17,19,,
T,2026-07-24 15:27:24.000,26.41966167,-80.15913500,1.90,6.076,-27.776,4.977,232,17,19,,
T,2026-07-24 15:27:25.000,26.41963667,-80.15917167,2.00,5.476,-27.776,4.433,239,16,19,,
T,2026-07-24 15:27:26.000,26.41962833,-80.15921667,2.00,4.676,-27.776,3.716,254,16,19,,
T,2026-07-24 15:27:27.000,26.41963833,-80.15925000,1.80,3.876,-27.776,3.890,281,17,19,,
T,2026-07-24 15:27:28.000,26.41966333,-80.15928667,1.90,3.975,-27.775,4.146,304,17,19,,
T,2026-07-24 15:27:29.000,26.41969000,-80.15932333,1.90,4.175,-27.775,4.654,314,16,19,,
T,2026-07-24 15:27:30.000,26.41971833,-80.15936000,1.90,4.575,-27.775,3.910,307,17,19,,
T,2026-07-24 15:27:31.000,26.41975500,-80.15940167,1.90,4.875,-27.775,5.513,314,17,19,,
T,2026-07-24 15:27:32.000,26.41979667,-80.15944167,1.90,4.975,-27.775,5.842,313,17,19,,
T,2026-07-24 15:27:33.000,26.41983167,-80.15948667,2.00,4.375,-27.775,6.002,310,17,19,,
T,2026-07-24 15:27:34.000,26.41987167,-80.15953000,2.10,3.575,-27.775,6.587,314,17,19,,
T,2026-07-24 15:27:35.000,26.41991167,-80.15958167,2.00,2.674,-27.774,6.782,312,16,19,,
T,2026-07-24 15:27:36.000,26.41994667,-80.15963333,2.10,2.774,-27.774,6.677,309,16,19,,
T,2026-07-24 15:27:37.000,26.41998500,-80.15968500,2.10,2.774,-27.774,6.804,309,16,19,,
T,2026-07-24 15:27:38.000,26.42002000,-80.15973000,2.10,2.874,-27.774,6.669,308,17,19,,
T,2026-07-24 15:27:39.000,26.42006000,-80.15978000,2.10,2.474,-27.774,6.864,306,17,19,,
T,2026-07-24 15:27:40.000,26.42010167,-80.15983667,2.10,2.273,-27.773,7.397,305,17,19,,
T,2026-07-24 15:27:41.000,26.42014333,-80.15989833,2.00,1.773,-27.773,7.401,305,17,19,,
T,2026-07-24 15:27:42.000,26.42017333,-80.15995667,2.10,2.173,-27.773,7.046,305,17,19,,
T,2026-07-24 15:27:43.000,26.42021000,-80.16002667,2.10,2.373,-27.773,7.387,303,16,19,,
T,2026-07-24 15:27:44.000,26.42024167,-80.16009500,2.10,1.972,-27.772,7.232,303,16,19,,
T,2026-07-24 15:27:45.000,26.42027667,-80.16016000,2.10,3.072,-27.772,7.358,302,16,19,,
T,2026-07-24 15:27:46.000,26.42031333,-80.16022667,2.10,3.872,-27.772,7.464,299,16,19,,
T,2026-07-24 15:27:47.000,26.42035333,-80.16030000,2.00,4.172,-27.772,7.474,299,16,19,,
T,2026-07-24 15:27:48.000,26.42038833,-80.16037000,2.10,3.771,-27.771,7.275,299,16,19,,
T,2026-07-24 15:27:49.000,26.42042167,-80.16043500,2.10,3.771,-27.771,7.359,298,17,19,,
T,2026-07-24 15:27:50.000,26.42045833,-80.16050500,2.10,3.371,-27.771,7.621,299,17,19,,
T,2026-07-24 15:27:51.000,26.42048833,-80.16056667,2.00,3.971,-27.771,7.313,297,17,19,,
T,2026-07-24 15:27:52.000,26.42051500,-80.16062833,2.00,4.070,-27.770,7.280,297,17,19,,
T,2026-07-24 15:27:53.000,26.42054000,-80.16069667,1.90,2.970,-27.770,7.410,294,17,19,,
T,2026-07-24 15:27:54.000,26.42056000,-80.16076500,2.00,2.270,-27.770,7.311,292,17,19,,
T,2026-07-24 15:27:55.000,26.42058333,-80.16083333,1.90,2.070,-27.770,7.084,291,17,19,,
T,2026-07-24 15:27:56.000,26.42060667,-80.16090333,1.90,2.369,-27.769,7.275,289,17,19,,
T,2026-07-24 15:27:57.000,26.42062167,-80.16097167,2.00,2.469,-27.769,7.091,286,17,19,,
T,2026-07-24 15:27:58.000,26.42063500,-80.16104167,2.00,2.669,-27.769,7.221,284,17,19,,
T,2026-07-24 15:27:59.000,26.42065000,-80.16111500,2.00,3.668,-27.768,6.921,281,17,19,,
T,2026-07-24 15:28:00.000,26.42066333,-80.16119000,1.90,4.268,-27.768,7.112,284,17,19,,
T,2026-07-24 15:28:01.000,26.42068500,-80.16125667,2.00,5.068,-27.768,7.086,286,17,19,,
T,2026-07-24 15:28:02.000,26.42071000,-80.16132667,2.00,5.568,-27.768,7.202,289,17,19,,
T,2026-07-24 15:28:03.000,26.42073833,-80.16139333,1.90,5.967,-27.767,7.168,287,17,19,,
T,2026-07-24 15:28:04.000,26.42075833,-80.16146333,1.90,5.667,-27.767,6.642,286,17,19,,
T,2026-07-24 15:28:05.000,26.42077833,-80.16153500,2.00,4.467,-27.767,6.950,285,17,19,,
T,2026-07-24 15:28:06.000,26.42079000,-80.16160500,1.90,4.266,-27.766,7.278,282,17,19,,
T,2026-07-24 15:28:07.000,26.42080667,-80.16167500,1.90,3.266,-27.766,7.427,281,17,19,,
T,2026-07-24 15:28:08.000,26.42082167,-80.16174833,1.90,2.866,-27.766,7.629,280,17,19,,
T,2026-07-24 15:28:09.000,26.42083833,-80.16182500,1.90,2.466,-27.766,7.960,279,17,19,,
T,2026-07-24 15:28:10.000,26.42085167,-80.16190333,1.90,2.465,-27.765,7.455,278,17,19,,
T,2026-07-24 15:28:11.000,26.42086333,-80.16197833,1.90,2.165,-27.765,7.749,277,17,19,,
T,2026-07-24 15:28:12.000,26.42086833,-80.16205500,1.90,1.865,-27.765,7.505,274,17,19,,
T,2026-07-24 15:28:13.000,26.42087000,-80.16213333,2.00,2.264,-27.764,7.531,274,17,19,,
T,2026-07-24 15:28:14.000,26.42087000,-80.16220833,2.00,2.064,-27.764,7.363,275,17,19,,
T,2026-07-24 15:28:15.000,26.42087333,-80.16228500,2.10,2.164,-27.764,7.135,276,17,19,,
T,2026-07-24 15:28:16.000,26.42087500,-80.16236000,2.00,2.463,-27.763,7.757,272,17,19,,
T,2026-07-24 15:28:17.000,26.42087500,-80.16244000,1.90,2.563,-27.763,7.580,270,17,19,,
T,2026-07-24 15:28:18.000,26.42086833,-80.16251833,2.00,2.963,-27.763,7.610,271,17,19,,
T,2026-07-24 15:28:19.000,26.42086000,-80.16259500,2.00,2.662,-27.762,7.582,266,17,19,,
T,2026-07-24 15:28:20.000,26.42085333,-80.16267000,2.00,2.162,-27.762,7.595,262,16,19,,
T,2026-07-24 15:28:21.000,26.42084667,-80.16275000,2.00,2.062,-27.762,7.241,259,17,19,,
T,2026-07-24 15:28:22.000,26.42084000,-80.16282833,2.00,2.161,-27.761,7.785,266,17,19,,
T,2026-07-24 15:28:23.000,26.42083500,-80.16291000,2.00,2.861,-27.761,7.621,264,17,19,,
T,2026-07-24 15:28:24.000,26.42083667,-80.16298667,2.00,3.161,-27.761,7.531,266,17,19,,
T,2026-07-24 15:28:25.000,26.42082833,-80.16305833,2.00,3.761,-27.761,7.532,265,17,19,,
T,2026-07-24 15:28:26.000,26.42081833,-80.16312500,2.00,3.360,-27.760,6.611,264,16,19,,
T,2026-07-24 15:28:27.000,26.42081333,-80.16318333,2.10,2.860,-27.760,6.713,261,17,19,,
T,2026-07-24 15:28:28.000,26.42080833,-80.16323000,2.00,2.860,-27.760,5.504,261,17,19,,
T,2026-07-24 15:28:29.000,26.42080500,-80.16326667,2.00,2.260,-27.760,3.815,263,17,19,,
T,2026-07-24 15:28:30.000,26.42080000,-80.16329000,2.00,1.560,-27.760,3.041,255,17,19,,
T,2026-07-24 15:28:31.000,26.42080000,-80.16331333,1.90,1.359,-27.759,2.709,260,17,19,,
T,2026-07-24 15:28:32.000,26.42079667,-80.16334000,1.90,1.759,-27.759,2.312,256,16,19,,
T,2026-07-24 15:28:33.000,26.42079000,-80.16336167,1.90,2.259,-27.759,1.812,257,16,19,,
T,2026-07-24 15:28:34.000,26.42078500,-80.16337333,1.90,2.359,-27.759,1.251,257,16,19,,
T,2026-07-24 15:28:35.000,26.42078167,-80.16337667,1.90,2.559,-27.759,0.000,,16,19,,
T,2026-07-24 15:28:36.000,26.42078167,-80.16337667,1.90,2.559,-27.759,0.000,,16,19,,
T,2026-07-24 15:28:37.000,26.42078167,-80.16337667,2.00,2.659,-27.759,0.000,,17,19,,
T,2026-07-24 15:28:38.000,26.42078167,-80.16337667,2.00,2.659,-27.759,0.000,,16,19,,
T,2026-07-24 15:28:39.000,26.42078167,-80.16337667,2.00,2.659,-27.759,0.000,,16,19,,
T,2026-07-24 15:28:40.000,26.42078167,-80.16337667,1.20,2.659,-27.759,0.000,,17,19,,
T,2026-07-24 15:28:41.000,26.42078167,-80.16337667,1.00,2.659,-27.759,0.000,,16,19,,
T,2026-07-24 15:28:42.000,26.42078000,-80.16338667,1.10,2.459,-27.759,3.225,250,16,19,,
T,2026-07-24 15:28:43.000,26.42076667,-80.16342667,1.30,2.459,-27.759,4.315,250,17,19,,
T,2026-07-24 15:28:44.000,26.42075333,-80.16347667,1.50,2.659,-27.759,5.048,253,17,19,,
T,2026-07-24 15:28:45.000,26.42073833,-80.16353167,1.60,2.759,-27.759,5.486,251,17,19,,
T,2026-07-24 15:28:46.000,26.42072500,-80.16359000,1.80,2.858,-27.758,5.650,256,17,19,,
T,2026-07-24 15:28:47.000,26.42071167,-80.16366167,2.00,2.858,-27.758,6.729,256,16,19,,
T,2026-07-24 15:28:48.000,26.42069000,-80.16374000,2.00,2.758,-27.758,6.861,253,15,19,,
T,2026-07-24 15:28:49.000,26.42067500,-80.16381000,2.00,3.257,-27.757,5.820,255,16,19,,
T,2026-07-24 15:28:50.000,26.42065500,-80.16388167,1.90,3.857,-27.757,6.579,254,16,19,,
T,2026-07-24 15:28:51.000,26.42063500,-80.16395167,1.80,3.857,-27.757,7.546,251,16,19,,
T,2026-07-24 15:28:52.000,26.42061667,-80.16402167,1.70,3.756,-27.756,7.363,251,16,19,,
T,2026-07-24 15:28:53.000,26.42059500,-80.16409333,1.70,3.956,-27.756,7.724,250,16,19,,
T,2026-07-24 15:28:54.000,26.42057333,-80.16416667,1.70,3.656,-27.756,8.017,247,17,19,,
T,2026-07-24 15:28:55.000,26.42055333,-80.16424000,1.70,3.256,-27.756,7.730,250,17,19,,
T,2026-07-24 15:28:56.000,26.42053333,-80.16431333,1.70,2.855,-27.755,7.585,250,17,19,,
T,2026-07-24 15:28:57.000,26.42050833,-80.16439167,1.60,3.055,-27.755,7.552,252,17,19,,
T,2026-07-24 15:28:58.000,26.42048667,-80.16445500,1.90,2.455,-27.755,6.990,252,17,19,,
T,2026-07-24 15:28:59.000,26.42046833,-80.16451333,2.10,1.354,-27.754,6.844,253,17,19,,
T,2026-07-24 15:29:00.000,26.42044500,-80.16457667,1.90,1.354,-27.754,6.539,250,17,19,,
T,2026-07-24 15:29:01.000,26.42042833,-80.16463500,1.80,0.954,-27.754,5.869,251,17,19,,
T,2026-07-24 15:29:02.000,26.42041500,-80.16468167,1.70,0.654,-27.754,4.585,249,17,19,,
T,2026-07-24 15:29:03.000,26.42040500,-80.16470667,1.70,0.453,-27.753,2.526,243,17,19,,
T,2026-07-24 15:29:04.000,26.42040833,-80.16471500,1.80,0.153,-27.753,1.104,243,16,19,,
T,2026-07-24 15:29:05.000,26.42040500,-80.16472167,1.90,0.253,-27.753,0.432,243,16,19,,
T,2026-07-24 15:29:06.000,26.42040667,-80.16473000,1.80,0.153,-27.753,1.494,243,16,19,,
T,2026-07-24 15:29:07.000,26.42040333,-80.16474000,1.90,0.153,-27.753,1.012,243,16,19,,
T,2026-07-24 15:29:08.000,26.42040333,-80.16474833,1.80,0.153,-27.753,0.000,,17,19,,
T,2026-07-24 15:29:09.000,26.42040333,-80.16475667,1.80,0.353,-27.753,0.000,,17,19,,
T,2026-07-24 15:29:10.000,26.42040333,-80.16476500,1.70,0.853,-27.753,0.000,,17,19,,
T,2026-07-24 15:29:11.000,26.42040333,-80.16476500,1.80,0.853,-27.753,0.000,,17,19,,
T,2026-07-24 15:29:12.000,26.42040333,-80.16476500,1.80,0.853,-27.753,0.000,,17,19,,
T,2026-07-24 15:29:13.000,26.42040333,-80.16476500,1.80,0.853,-27.753,0.000,,17,19,,
T,2026-07-24 15:29:14.000,26.42040333,-80.16476500,1.80,0.853,-27.753,0.000,,17,19,,
T,2026-07-24 15:29:15.000,26.42040333,-80.16476500,1.70,0.853,-27.753,0.000,,17,19,,
T,2026-07-24 15:29:16.000,26.42040333,-80.16476500,1.80,0.853,-27.753,0.000,,17,19,,
T,2026-07-24 15:29:17.000,26.42040333,-80.16481000,1.80,1.653,-27.753,2.077,290,17,19,,
T,2026-07-24 15:29:18.000,26.42040833,-80.16483667,1.80,2.353,-27.753,2.344,300,17,19,,
T,2026-07-24 15:29:19.000,26.42042167,-80.16487000,1.80,3.353,-27.753,3.165,310,17,19,,
T,2026-07-24 15:29:20.000,26.42044500,-80.16489333,1.70,4.053,-27.753,3.701,327,17,19,,
T,2026-07-24 15:29:21.000,26.42047500,-80.16491667,1.80,4.553,-27.753,4.124,329,17,19,,
T,2026-07-24 15:29:22.000,26.42051167,-80.16493333,1.90,4.753,-27.753,4.327,339,17,19,,
T,2026-07-24 15:29:23.000,26.42054833,-80.16494667,1.90,5.153,-27.753,4.669,342,17,19,,
T,2026-07-24 15:29:24.000,26.42058833,-80.16496667,1.90,5.353,-27.753,5.058,340,17,19,,
T,2026-07-24 15:29:25.000,26.42063500,-80.16498667,1.90,5.852,-27.752,4.929,342,17,19,,
T,2026-07-24 15:29:26.000,26.42067833,-80.16500167,1.90,5.752,-27.752,4.906,344,17,19,,
T,2026-07-24 15:29:27.000,26.42072500,-80.16501333,1.90,5.252,-27.752,4.797,343,17,19,,
T,2026-07-24 15:29:28.000,26.42077000,-80.16502500,1.90,5.352,-27.752,4.966,335,17,19,,
T,2026-07-24 15:29:29.000,26.42080667,-80.16504667,1.90,5.452,-27.752,4.980,336,17,19,,
T,2026-07-24 15:29:30.000,26.42085000,-80.16506667,1.90,5.952,-27.752,4.758,337,17,19,,
T,2026-07-24 15:29:31.000,26.42088667,-80.16508833,1.90,6.252,-27.752,4.964,335,17,19,,
T,2026-07-24 15:29:32.000,26.42092833,-80.16510333,1.90,6.052,-27.752,4.682,339,17,19,,
T,2026-07-24 15:29:33.000,26.42096667,-80.16512333,1.90,6.152,-27.752,4.910,336,16,19,,
T,2026-07-24 15:29:34.000,26.42100833,-80.16514333,1.90,5.952,-27.752,5.059,338,16,19,,
T,2026-07-24 15:29:35.000,26.42104667,-80.16516667,1.80,5.952,-27.752,4.834,337,17,19,,
T,2026-07-24 15:29:36.000,26.42108333,-80.16518667,1.80,5.952,-27.752,4.687,338,17,19,,
T,2026-07-24 15:29:37.000,26.42112000,-80.16520833,1.80,6.152,-27.752,4.952,337,17,19,,
T,2026-07-24 15:29:38.000,26.42115333,-80.16522333,1.90,6.952,-27.752,4.420,334,17,19,,
T,2026-07-24 15:29:39.000,26.42118667,-80.16524167,1.90,7.352,-27.752,4.131,335,16,19,,
T,2026-07-24 15:29:40.000,26.42122000,-80.16526333,2.00,7.552,-27.752,3.604,328,16,19,,
T,2026-07-24 15:29:41.000,26.42125167,-80.16529333,2.10,7.152,-27.752,3.158,320,16,19,,
T,2026-07-24 15:29:42.000,26.42128833,-80.16532167,2.00,7.051,-27.751,3.667,322,17,19,,
T,2026-07-24 15:29:43.000,26.42133167,-80.16534833,1.90,6.051,-27.751,4.939,334,17,19,,
T,2026-07-24 15:29:44.000,26.42137667,-80.16537500,1.80,5.151,-27.751,4.975,331,17,19,,
T,2026-07-24 15:29:45.000,26.42141833,-80.16540000,1.70,4.751,-27.751,4.978,333,16,19,,
T,2026-07-24 15:29:46.000,26.42146167,-80.16542333,1.70,4.651,-27.751,5.154,331,17,19,,
T,2026-07-24 15:29:47.000,26.42150500,-80.16544667,1.60,4.251,-27.751,5.658,331,17,19,,
T,2026-07-24 15:29:48.000,26.42154500,-80.16547500,1.60,4.151,-27.751,5.535,330,17,19,,
T,2026-07-24 15:29:49.000,26.42158500,-80.16550500,1.70,4.351,-27.751,5.183,327,17,19,,
T,2026-07-24 15:29:50.000,26.42162333,-80.16553167,1.60,4.451,-27.751,4.756,332,17,19,,
T,2026-07-24 15:29:51.000,26.42166000,-80.16555500,1.60,3.851,-27.751,4.745,327,17,19,,
T,2026-07-24 15:29:52.000,26.42169667,-80.16558000,1.60,3.951,-27.751,4.740,330,16,19,,
T,2026-07-24 15:29:53.000,26.42173500,-80.16560667,1.60,3.751,-27.751,4.988,325,17,19,,
T,2026-07-24 15:29:54.000,26.42177167,-80.16563667,1.60,3.550,-27.750,4.857,323,16,19,,
T,2026-07-24 15:29:55.000,26.42181000,-80.16567000,1.60,3.650,-27.750,5.238,326,16,19,,
T,2026-07-24 15:29:56.000,26.42185167,-80.16570333,1.60,3.550,-27.750,5.266,327,17,19,,
T,2026-07-24 15:29:57.000,26.42189333,-80.16573667,1.60,3.550,-27.750,5.583,324,16,19,,
T,2026-07-24 15:29:58.000,26.42193500,-80.16576833,1.80,3.150,-27.750,5.801,321,16,19,,
T,2026-07-24 15:29:59.000,26.42197833,-80.16580333,1.70,2.950,-27.750,5.929,322,17,19,,
T,2026-07-24 15:30:00.000,26.42202667,-80.16583667,1.60,3.150,-27.750,6.053,324,17,19,,
T,2026-07-24 15:30:01.000,26.42207500,-80.16586833,1.60,3.550,-27.750,6.073,328,17,19,,
T,2026-07-24 15:30:02.000,26.42212333,-80.16590167,1.50,3.150,-27.750,6.083,329,17,19,,
T,2026-07-24 15:30:03.000,26.42217000,-80.16593500,1.50,3.049,-27.749,6.120,326,17,19,,
T,2026-07-24 15:30:04.000,26.42221667,-80.16597167,1.50,3.049,-27.749,6.116,324,17,19,,
T,2026-07-24 15:30:05.000,26.42226167,-80.16601167,1.50,3.349,-27.749,6.455,322,17,19,,
T,2026-07-24 15:30:06.000,26.42230667,-80.16605833,1.90,3.849,-27.749,6.771,317,16,19,,
T,2026-07-24 15:30:07.000,26.42235000,-80.16610167,1.90,5.049,-27.749,6.014,315,17,19,,
T,2026-07-24 15:30:08.000,26.42238167,-80.16614500,1.90,6.249,-27.749,6.012,308,17,19,,
T,2026-07-24 15:30:09.000,26.42241667,-80.16619833,2.00,7.048,-27.748,6.142,305,17,19,,
T,2026-07-24 15:30:10.000,26.42244833,-80.16624667,1.90,7.548,-27.748,6.160,300,17,19,,
T,2026-07-24 15:30:11.000,26.42247333,-80.16630000,2.00,7.548,-27.748,5.656,299,17,19,,
T,2026-07-24 15:30:12.000,26.42249667,-80.16635167,1.80,7.448,-27.748,6.527,295,17,19,,
T,2026-07-24 15:30:13.000,26.42251833,-80.16640833,1.80,6.948,-27.748,6.391,292,17,19,,
T,2026-07-24 15:30:14.000,26.42253333,-80.16647667,2.00,6.647,-27.747,6.310,286,17,19,,
T,2026-07-24 15:30:15.000,26.42254500,-80.16654333,2.00,5.847,-27.747,6.292,280,16,19,,
T,2026-07-24 15:30:16.000,26.42255333,-80.16660333,2.00,5.247,-27.747,6.515,275,17,19,,
T,2026-07-24 15:30:17.000,26.42256167,-80.16666833,1.70,4.247,-27.747,6.480,271,17,19,,
T,2026-07-24 15:30:18.000,26.42256167,-80.16673833,1.60,3.946,-27.746,7.019,267,17,19,,
T,2026-07-24 15:30:19.000,26.42256000,-80.16681167,1.60,3.846,-27.746,7.343,267,17,19,,
T,2026-07-24 15:30:20.000,26.42255667,-80.16688500,1.50,3.646,-27.746,6.912,265,17,19,,
T,2026-07-24 15:30:21.000,26.42255667,-80.16695833,1.50,3.645,-27.745,6.884,268,16,19,,
T,2026-07-24 15:30:22.000,26.42255500,-80.16703000,1.50,3.645,-27.745,6.902,268,17,19,,
T,2026-07-24 15:30:23.000,26.42255500,-80.16710000,1.60,3.945,-27.745,6.133,282,17,19,,
T,2026-07-24 15:30:24.000,26.42255833,-80.16716500,1.80,4.045,-27.745,6.460,270,17,19,,
T,2026-07-24 15:30:25.000,26.42256000,-80.16723167,1.90,3.944,-27.744,6.821,273,16,19,,
T,2026-07-24 15:30:26.000,26.42256667,-80.16730500,1.90,4.344,-27.744,6.260,271,16,19,,
T,2026-07-24 15:30:27.000,26.42257000,-80.16737667,2.00,4.244,-27.744,6.616,268,16,19,,
T,2026-07-24 15:30:28.000,26.42257000,-80.16745500,2.30,3.543,-27.743,6.777,271,16,19,,
T,2026-07-24 15:30:29.000,26.42256833,-80.16751667,2.30,2.843,-27.743,6.534,270,16,19,,
T,2026-07-24 15:30:30.000,26.42256167,-80.16757833,2.20,1.843,-27.743,6.555,273,16,19,,
T,2026-07-24 15:30:31.000,26.42256000,-80.16764000,2.00,1.743,-27.743,6.304,273,16,19,,
T,2026-07-24 15:30:32.000,26.42256500,-80.16770500,1.90,2.142,-27.742,6.435,274,16,19,,
T,2026-07-24 15:30:33.000,26.42257667,-80.16777333,1.80,2.342,-27.742,6.412,275,16,19,,
T,2026-07-24 15:30:34.000,26.42258333,-80.16783833,1.80,1.942,-27.742,6.820,277,16,19,,
T,2026-07-24 15:30:35.000,26.42258833,-80.16790667,1.90,1.442,-27.742,7.097,278,16,19,,
T,2026-07-24 15:30:36.000,26.42258833,-80.16797333,1.90,1.641,-27.741,6.646,275,16,19,,
T,2026-07-24 15:30:37.000,26.42259333,-80.16804167,1.80,2.141,-27.741,6.675,274,16,19,,
T,2026-07-24 15:30:38.000,26.42259833,-80.16811000,1.80,2.641,-27.741,6.909,274,16,19,,
T,2026-07-24 15:30:39.000,26.42260000,-80.16817833,1.70,3.340,-27.740,6.915,273,16,19,,
T,2026-07-24 15:30:40.000,26.42260167,-80.16824667,1.70,3.740,-27.740,6.742,272,16,19,,
T,2026-07-24 15:30:41.000,26.42260833,-80.16831333,1.70,3.840,-27.740,6.883,274,16,19,,
T,2026-07-24 15:30:42.000,26.42261167,-80.16837500,2.00,2.940,-27.740,7.212,275,15,19,,
T,2026-07-24 15:30:43.000,26.42261000,-80.16843333,2.10,2.239,-27.739,7.213,272,15,19,,
T,2026-07-24 15:30:44.000,26.42260500,-80.16848833,2.00,1.839,-27.739,7.304,269,16,19,,
T,2026-07-24 15:30:45.000,26.42260000,-80.16855500,2.00,1.939,-27.739,6.833,265,16,19,,
T,2026-07-24 15:30:46.000,26.42259000,-80.16861667,1.90,2.839,-27.739,6.811,263,16,19,,
T,2026-07-24 15:30:47.000,26.42257833,-80.16867667,1.90,3.338,-27.738,6.848,258,16,19,,
T,2026-07-24 15:30:48.000,26.42256167,-80.16873833,1.90,4.038,-27.738,6.839,254,15,19,,
T,2026-07-24 15:30:49.000,26.42254167,-80.16880000,1.90,4.438,-27.738,6.968,252,16,19,,
T,2026-07-24 15:30:50.000,26.42252500,-80.16885667,1.90,4.738,-27.738,6.961,249,16,19,,
T,2026-07-24 15:30:51.000,26.42250333,-80.16892333,1.90,4.837,-27.737,6.944,245,16,19,,
T,2026-07-24 15:30:52.000,26.42246833,-80.16898833,1.90,5.237,-27.737,6.758,239,16,19,,
T,2026-07-24 15:30:53.000,26.42243500,-80.16904333,1.90,4.937,-27.737,6.023,233,16,19,,
T,2026-07-24 15:30:54.000,26.42239500,-80.16910500,2.00,5.137,-27.737,6.195,230,15,19,,
T,2026-07-24 15:30:55.000,26.42234500,-80.16916333,1.90,5.836,-27.736,6.419,226,16,19,,
T,2026-07-24 15:30:56.000,26.42230333,-80.16921667,2.00,6.736,-27.736,6.075,225,15,19,,
T,2026-07-24 15:30:57.000,26.42226333,-80.16926167,2.00,7.636,-27.736,6.092,223,16,19,,
T,2026-07-24 15:30:58.000,26.42223000,-80.16930667,2.00,8.136,-27.736,5.777,220,16,19,,
T,2026-07-24 15:30:59.000,26.42219667,-80.16934167,2.00,8.235,-27.735,4.968,212,16,19,,
T,2026-07-24 15:31:00.000,26.42216333,-80.16935833,2.00,9.135,-27.735,4.851,210,16,19,,
T,2026-07-24 15:31:01.000,26.42212167,-80.16938000,1.90,9.335,-27.735,5.117,205,16,19,,
T,2026-07-24 15:31:02.000,26.42208833,-80.16940500,2.00,10.035,-27.735,5.091,208,16,19,,
T,2026-07-24 15:31:03.000,26.42205333,-80.16942167,2.10,10.835,-27.735,4.746,205,16,19,,
T,2026-07-24 15:31:04.000,26.42201667,-80.16944333,2.10,11.435,-27.735,4.721,203,16,19,,
T,2026-07-24 15:31:05.000,26.42198833,-80.16946000,2.10,11.735,-27.735,4.526,199,16,19,,
T,2026-07-24 15:31:06.000,26.42194667,-80.16946500,2.00,12.435,-27.735,4.798,198,16,19,,
T,2026-07-24 15:31:07.000,26.42189333,-80.16948000,2.00,13.035,-27.735,4.803,197,16,19,,
T,2026-07-24 15:31:08.000,26.42184833,-80.16948667,2.00,13.635,-27.735,4.892,194,16,19,,
T,2026-07-24 15:31:09.000,26.42180167,-80.16949667,2.00,14.835,-27.735,5.019,190,16,19,,
T,2026-07-24 15:31:10.000,26.42175000,-80.16950667,2.00,15.434,-27.734,4.996,196,16,19,,
T,2026-07-24 15:31:11.000,26.42170167,-80.16951833,2.00,15.834,-27.734,4.849,202,16,19,,
T,2026-07-24 15:31:12.000,26.42165500,-80.16953500,1.80,15.534,-27.734,5.490,193,16,19,,
T,2026-07-24 15:31:13.000,26.42160500,-80.16955167,1.70,15.134,-27.734,5.900,194,16,19,,
T,2026-07-24 15:31:14.000,26.42155000,-80.16956333,1.90,15.034,-27.734,5.923,194,16,19,,
T,2026-07-24 15:31:15.000,26.42149500,-80.16957833,1.70,14.534,-27.734,6.028,193,16,19,,
T,2026-07-24 15:31:16.000,26.42144000,-80.16958833,1.80,14.334,-27.734,6.033,192,16,19,,
T,2026-07-24 15:31:17.000,26.42138500,-80.16960167,1.90,15.134,-27.734,6.057,191,16,19,,
T,2026-07-24 15:31:18.000,26.42133167,-80.16961333,2.00,15.134,-27.734,6.019,192,16,19,,
T,2026-07-24 15:31:19.000,26.42128333,-80.16962333,2.00,13.634,-27.734,5.894,194,15,19,,
T,2026-07-24 15:31:20.000,26.42124167,-80.16964833,2.00,12.334,-27.734,4.763,196,15,19,,
T,2026-07-24 15:31:21.000,26.42120667,-80.16965500,1.90,12.334,-27.734,3.410,190,16,19,,
T,2026-07-24 15:31:22.000,26.42119000,-80.16966000,1.90,12.034,-27.734,2.065,193,16,19,,
T,2026-07-24 15:31:23.000,26.42118667,-80.16965833,1.90,12.834,-27.734,0.000,,16,19,,
T,2026-07-24 15:31:24.000,26.42119000,-80.16965833,2.00,12.834,-27.734,0.000,,16,19,,
T,2026-07-24 15:31:25.000,26.42119167,-80.16966000,1.90,13.034,-27.734,0.000,,16,19,,
T,2026-07-24 15:31:26.000,26.42119167,-80.16966000,1.90,13.034,-27.734,0.000,,16,19,,
T,2026-07-24 15:31:27.000,26.42119167,-80.16966000,1.90,13.034,-27.734,0.000,,16,19,,
T,2026-07-24 15:31:28.000,26.42119167,-80.16966000,1.90,13.034,-27.734,0.000,,16,19,,
T,2026-07-24 15:31:29.000,26.42119167,-80.16966000,1.10,13.034,-27.734,0.000,,16,19,,
T,2026-07-24 15:31:30.000,26.42119167,-80.16966000,1.00,13.034,-27.734,0.000,,16,19,,
T,2026-07-24 15:31:31.000,26.42119167,-80.16966000,1.00,13.034,-27.734,0.000,,16,19,,
T,2026-07-24 15:31:32.000,26.42119167,-80.16966000,0.90,13.034,-27.734,0.000,,16,19,,
T,2026-07-24 15:31:33.000,26.42119167,-80.16966000,1.00,13.034,-27.734,0.000,,16,19,,
T,2026-07-24 15:31:34.000,26.42119167,-80.16966000,1.00,13.034,-27.734,0.000,,16,19,,
T,2026-07-24 15:31:35.000,26.42119167,-80.16966000,0.90,13.034,-27.734,0.000,,16,19,,
T,2026-07-24 15:31:36.000,26.42119167,-80.16966000,0.90,13.034,-27.734,0.000,,16,19,,
T,2026-07-24 15:31:37.000,26.42119167,-80.16966000,1.00,13.034,-27.734,0.000,,16,19,,
T,2026-07-24 15:31:38.000,26.42119167,-80.16966000,0.90,13.034,-27.734,0.000,,16,19,,
T,2026-07-24 15:31:39.000,26.42119167,-80.16966000,0.90,13.034,-27.734,0.000,,16,19,,
T,2026-07-24 15:31:40.000,26.42119167,-80.16966000,0.90,13.034,-27.734,0.000,,16,19,,
T,2026-07-24 15:31:41.000,26.42119167,-80.16966000,0.90,13.034,-27.734,0.000,,16,19,,
T,2026-07-24 15:31:42.000,26.42119167,-80.16966000,0.90,13.034,-27.734,0.000,,16,19,,
T,2026-07-24 15:31:43.000,26.42119167,-80.16966000,0.90,13.034,-27.734,0.000,,16,19,,
T,2026-07-24 15:31:44.000,26.42119167,-80.16966000,0.90,13.034,-27.734,0.000,,16,19,,
T,2026-07-24 15:31:45.000,26.42119167,-80.16966000,0.90,13.034,-27.734,0.000,,16,19,,
T,2026-07-24 15:31:46.000,26.42119167,-80.16966000,0.90,13.034,-27.734,0.000,,16,19,,
T,2026-07-24 15:31:47.000,26.42119167,-80.16966000,0.90,13.034,-27.734,0.000,,16,19,,
T,2026-07-24 15:31:48.000,26.42119167,-80.16966000,0.90,13.034,-27.734,0.000,,16,19,,
T,2026-07-24 15:31:49.000,26.42119167,-80.16966000,0.90,13.034,-27.734,0.000,,16,19,,
T,2026-07-24 15:31:50.000,26.42119167,-80.16966000,0.90,13.034,-27.734,0.000,,16,19,,
T,2026-07-24 15:31:51.000,26.42119167,-80.16966000,0.90,13.034,-27.734,0.000,,16,19,,
T,2026-07-24 15:31:52.000,26.42119167,-80.16966000,0.90,13.034,-27.734,0.000,,16,19,,
T,2026-07-24 15:31:53.000,26.42119167,-80.16966000,0.90,13.034,-27.734,0.000,,16,19,,
T,2026-07-24 15:31:54.000,26.42119167,-80.16966000,0.90,13.034,-27.734,0.000,,16,19,,
T,2026-07-24 15:31:55.000,26.42119167,-80.16966000,1.00,13.034,-27.734,0.000,,16,19,,
T,2026-07-24 15:31:56.000,26.42119667,-80.16966667,1.10,13.034,-27.734,3.152,192,16,19,,
T,2026-07-24 15:31:57.000,26.42116333,-80.16967000,1.60,12.833,-27.733,3.914,181,16,19,,
T,2026-07-24 15:31:58.000,26.42112333,-80.16967500,1.70,12.733,-27.733,4.572,182,16,19,,
T,2026-07-24 15:31:59.000,26.42107833,-80.16968667,1.80,13.133,-27.733,5.028,193,16,19,,
T,2026-07-24 15:32:00.000,26.42103500,-80.16970333,1.80,13.233,-27.733,5.525,197,16,19,,
T,2026-07-24 15:32:01.000,26.42097667,-80.16972333,1.80,13.433,-27.733,5.942,198,16,19,,
T,2026-07-24 15:32:02.000,26.42092000,-80.16974167,1.80,13.433,-27.733,6.228,195,16,19,,
T,2026-07-24 15:32:03.000,26.42086000,-80.16976000,1.90,13.533,-27.733,6.513,191,16,19,,
T,2026-07-24 15:32:04.000,26.42079833,-80.16976833,1.90,13.233,-27.733,6.625,191,16,19,,
T,2026-07-24 15:32:05.000,26.42073500,-80.16978000,1.80,13.433,-27.733,6.732,191,15,19,,
T,2026-07-24 15:32:06.000,26.42067167,-80.16979500,1.90,13.433,-27.733,6.745,193,15,19,,
T,2026-07-24 15:32:07.000,26.42060833,-80.16981500,1.90,13.633,-27.733,6.857,193,15,19,,
T,2026-07-24 15:32:08.000,26.42054500,-80.16983667,1.90,13.432,-27.732,6.986,196,15,19,,
T,2026-07-24 15:32:09.000,26.42048667,-80.16985500,2.00,13.732,-27.732,6.852,195,15,19,,
T,2026-07-24 15:32:10.000,26.42043667,-80.16987167,2.00,13.832,-27.732,7.039,195,15,19,,
T,2026-07-24 15:32:11.000,26.42037833,-80.16989000,1.80,14.032,-27.732,6.717,192,16,19,,
T,2026-07-24 15:32:12.000,26.42031667,-80.16990333,1.90,14.332,-27.732,6.914,192,16,19,,
T,2026-07-24 15:32:13.000,26.42025667,-80.16991500,2.10,14.332,-27.732,5.541,187,16,19,,
T,2026-07-24 15:32:14.000,26.42021500,-80.16992833,1.90,14.432,-27.732,4.093,185,16,19,,
T,2026-07-24 15:32:15.000,26.42018833,-80.16993000,1.90,13.832,-27.732,3.660,182,16,19,,
T,2026-07-24 15:32:16.000,26.42016000,-80.16993500,1.90,13.932,-27.732,4.050,181,16,19,,
T,2026-07-24 15:32:17.000,26.42012167,-80.16993667,1.90,13.932,-27.732,4.743,185,16,19,,
T,2026-07-24 15:32:18.000,26.42007333,-80.16994000,1.90,14.132,-27.732,5.319,183,16,19,,
T,2026-07-24 15:32:19.000,26.42002000,-80.16994000,2.00,14.432,-27.732,5.743,182,16,19,,
T,2026-07-24 15:32:20.000,26.41996500,-80.16994167,1.90,13.732,-27.732,6.089,175,16,19,,
T,2026-07-24 15:32:21.000,26.41990667,-80.16993500,1.80,14.032,-27.732,6.435,174,16,19,,
T,2026-07-24 15:32:22.000,26.41984833,-80.16992333,1.80,13.932,-27.732,6.699,171,16,19,,
T,2026-07-24 15:32:23.000,26.41978833,-80.16990500,1.90,13.832,-27.732,6.905,171,16,19,,
T,2026-07-24 15:32:24.000,26.41972667,-80.16988500,1.90,13.632,-27.732,7.361,168,16,19,,
T,2026-07-24 15:32:25.000,26.41966000,-80.16986667,1.90,13.532,-27.732,7.324,168,16,19,,
T,2026-07-24 15:32:26.000,26.41959333,-80.16985000,1.90,13.332,-27.732,7.524,167,16,19,,
T,2026-07-24 15:32:27.000,26.41952500,-80.16983167,1.90,13.632,-27.732,7.640,168,16,19,,
T,2026-07-24 15:32:28.000,26.41946167,-80.16981167,2.00,14.332,-27.732,7.802,167,16,19,,
T,2026-07-24 15:32:29.000,26.41939333,-80.16979500,1.90,14.132,-27.732,7.883,167,16,19,,
T,2026-07-24 15:32:30.000,26.41932333,-80.16978000,2.00,13.732,-27.732,7.763,166,16,19,,
T,2026-07-24 15:32:31.000,26.41925500,-80.16976500,2.00,13.832,-27.732,7.892,165,16,19,,
T,2026-07-24 15:32:32.000,26.41918333,-80.16975000,2.10,14.332,-27.732,7.883,168,16,19,,
T,2026-07-24 15:32:33.000,26.41911333,-80.16973500,2.00,14.132,-27.732,7.881,167,16,19,,
T,2026-07-24 15:32:34.000,26.41904167,-80.16971333,2.00,13.632,-27.732,7.857,166,16,19,,
T,2026-07-24 15:32:35.000,26.41896833,-80.16969667,2.00,13.632,-27.732,7.768,167,16,19,,
T,2026-07-24 15:32:36.000,26.41890333,-80.16967500,2.00,13.332,-27.732,7.909,168,16,19,,
T,2026-07-24 15:32:37.000,26.41883500,-80.16965333,2.00,13.132,-27.732,7.731,165,16,19,,
T,2026-07-24 15:32:38.000,26.41876167,-80.16963500,2.00,13.732,-27.732,7.835,166,16,19,,
T,2026-07-24 15:32:39.000,26.41869833,-80.16962333,1.90,13.732,-27.732,7.820,167,16,19,,
T,2026-07-24 15:32:40.000,26.41863167,-80.16960833,2.00,13.332,-27.732,7.625,169,16,19,,
T,2026-07-24 15:32:41.000,26.41856500,-80.16959000,2.00,12.932,-27.732,7.707,166,16,19,,
T,2026-07-24 15:32:42.000,26.41849500,-80.16957167,2.00,12.732,-27.732,7.817,165,16,19,,
T,2026-07-24 15:32:43.000,26.41842833,-80.16955667,2.00,12.832,-27.732,7.697,167,16,19,,
T,2026-07-24 15:32:44.000,26.41836000,-80.16954000,1.90,12.832,-27.732,7.912,166,16,19,,
T,2026-07-24 15:32:45.000,26.41829000,-80.16952833,2.00,13.232,-27.732,7.703,166,16,19,,
T,2026-07-24 15:32:46.000,26.41822000,-80.16951000,1.90,13.532,-27.732,7.726,167,16,19,,
T,2026-07-24 15:32:47.000,26.41815000,-80.16950000,2.00,13.632,-27.732,7.708,168,16,19,,
T,2026-07-24 15:32:48.000,26.41808000,-80.16948667,2.00,13.333,-27.733,7.695,165,16,19,,
T,2026-07-24 15:32:49.000,26.41801333,-80.16945667,1.90,12.933,-27.733,7.700,164,16,19,,
T,2026-07-24 15:32:50.000,26.41795500,-80.16943000,1.90,12.533,-27.733,7.331,164,16,19,,
T,2026-07-24 15:32:51.000,26.41789000,-80.16939667,2.00,11.233,-27.733,7.340,159,16,19,,
T,2026-07-24 15:32:52.000,26.41782667,-80.16935500,2.00,10.433,-27.733,7.367,148,16,19,,
T,2026-07-24 15:32:53.000,26.41777667,-80.16930500,2.00,9.633,-27.733,7.585,139,16,19,,
T,2026-07-24 15:32:54.000,26.41772833,-80.16925333,1.90,9.833,-27.733,7.580,131,16,19,,
T,2026-07-24 15:32:55.000,26.41769000,-80.16918833,1.90,9.934,-27.734,7.746,125,16,19,,
T,2026-07-24 15:32:56.000,26.41765333,-80.16912333,1.80,10.234,-27.734,7.761,119,16,19,,
T,2026-07-24 15:32:57.000,26.41761833,-80.16905333,1.90,9.934,-27.734,7.748,118,16,19,,
T,2026-07-24 15:32:58.000,26.41758333,-80.16897667,1.90,9.334,-27.734,7.738,116,16,19,,
T,2026-07-24 15:32:59.000,26.41755000,-80.16890333,1.90,9.435,-27.735,7.730,114,16,19,,
T,2026-07-24 15:33:00.000,26.41752333,-80.16882833,1.90,10.035,-27.735,7.891,111,16,19,,
T,2026-07-24 15:33:01.000,26.41750000,-80.16875333,1.90,11.135,-27.735,7.887,107,16,19,,
T,2026-07-24 15:33:02.000,26.41747833,-80.16868333,1.90,11.835,-27.735,7.794,107,16,19,,
T,2026-07-24 15:33:03.000,26.41746333,-80.16861167,1.80,12.236,-27.736,7.630,104,16,19,,
T,2026-07-24 15:33:04.000,26.41745167,-80.16853667,1.90,11.836,-27.736,7.668,98,16,19,,
T,2026-07-24 15:33:05.000,26.41744833,-80.16846167,1.90,11.236,-27.736,7.509,97,16,19,,
T,2026-07-24 15:33:06.000,26.41744000,-80.16838000,1.90,10.437,-27.737,7.638,93,16,19,,
T,2026-07-24 15:33:07.000,26.41743667,-80.16830333,1.90,10.237,-27.737,7.655,91,16,19,,
T,2026-07-24 15:33:08.000,26.41742833,-80.16822500,1.90,10.237,-27.737,7.638,90,16,19,,
T,2026-07-24 15:33:09.000,26.41743167,-80.16815000,1.90,10.938,-27.738,7.674,90,16,19,,
T,2026-07-24 15:33:10.000,26.41743500,-80.16807500,1.90,11.838,-27.738,7.322,90,16,19,,
T,2026-07-24 15:33:11.000,26.41743833,-80.16800333,1.90,12.038,-27.738,6.582,90,16,19,,
T,2026-07-24 15:33:12.000,26.41744000,-80.16794333,1.70,12.239,-27.739,5.700,92,16,19,,
T,2026-07-24 15:33:13.000,26.41744167,-80.16789000,1.80,12.439,-27.739,4.599,92,16,19,,
T,2026-07-24 15:33:14.000,26.41744500,-80.16785333,1.80,13.139,-27.739,3.153,90,16,19,,
T,2026-07-24 15:33:15.000,26.41744500,-80.16782667,1.70,12.939,-27.739,2.858,91,16,19,,
T,2026-07-24 15:33:16.000,26.41744500,-80.16780333,1.80,12.739,-27.739,2.457,93,16,19,,
T,2026-07-24 15:33:17.000,26.41744167,-80.16778333,1.80,12.339,-27.739,2.450,91,16,19,,
T,2026-07-24 15:33:18.000,26.41744167,-80.16775667,1.70,11.739,-27.739,3.456,88,16,19,,
T,2026-07-24 15:33:19.000,26.41743833,-80.16772500,1.80,11.439,-27.739,2.996,95,16,19,,
T,2026-07-24 15:33:20.000,26.41743333,-80.16769667,1.80,11.640,-27.740,2.853,109,16,19,,
T,2026-07-24 15:33:21.000,26.41741833,-80.16767333,1.80,11.540,-27.740,2.652,136,16,19,,
T,2026-07-24 15:33:22.000,26.41739667,-80.16766500,1.80,11.640,-27.740,2.456,163,16,19,,
T,2026-07-24 15:33:23.000,26.41737500,-80.16766000,1.90,12.040,-27.740,1.832,180,16,19,,
T,2026-07-24 15:33:24.000,26.41736500,-80.16766167,1.90,12.340,-27.740,0.000,,16,19,,
T,2026-07-24 15:33:25.000,26.41736500,-80.16766833,1.90,12.740,-27.740,0.000,,15,19,,
T,2026-07-24 15:33:26.000,26.41736667,-80.16767167,1.90,12.840,-27.740,0.000,,16,19,,
T,2026-07-24 15:33:27.000,26.41736667,-80.16767167,1.90,12.840,-27.740,0.000,,15,19,,
T,2026-07-24 15:33:28.000,26.41736667,-80.16767167,1.90,12.840,-27.740,0.000,,15,19,,
T,2026-07-24 15:33:29.000,26.41736667,-80.16767167,1.90,12.840,-27.740,0.000,,15,19,,
T,2026-07-24 15:33:30.000,26.41736667,-80.16767167,1.10,12.840,-27.740,0.000,,15,19,,
T,2026-07-24 15:33:31.000,26.41736667,-80.16767167,1.10,12.840,-27.740,0.000,,15,19,,
T,2026-07-24 15:33:32.000,26.41736667,-80.16767167,1.00,12.840,-27.740,0.000,,15,19,,
T,2026-07-24 15:33:33.000,26.41736667,-80.16767167,1.00,12.840,-27.740,0.000,,15,19,,
T,2026-07-24 15:33:34.000,26.41736667,-80.16767167,1.10,12.840,-27.740,0.000,,15,19,,
T,2026-07-24 15:33:35.000,26.41736667,-80.16767167,1.10,12.840,-27.740,0.000,,15,19,,
T,2026-07-24 15:33:36.000,26.41736667,-80.16767167,1.00,12.840,-27.740,0.000,,15,19,,
T,2026-07-24 15:33:37.000,26.41736667,-80.16767167,1.10,12.840,-27.740,0.000,,15,19,,
T,2026-07-24 15:33:38.000,26.41733667,-80.16767333,1.70,13.140,-27.740,3.492,190,15,19,,
T,2026-07-24 15:33:39.000,26.41729667,-80.16767667,1.90,13.240,-27.740,3.884,187,15,19,,
T,2026-07-24 15:33:40.000,26.41725333,-80.16767833,2.00,13.039,-27.739,3.561,185,15,19,,
T,2026-07-24 15:33:41.000,26.41720500,-80.16767333,2.00,11.739,-27.739,4.330,181,15,19,,
T,2026-07-24 15:33:42.000,26.41715667,-80.16767000,2.10,11.239,-27.739,4.700,178,15,19,,
T,2026-07-24 15:33:43.000,26.41710667,-80.16765833,2.20,10.939,-27.739,5.313,175,15,19,,
T,2026-07-24 15:33:44.000,26.41705500,-80.16764833,2.20,10.840,-27.740,6.000,178,15,19,,
T,2026-07-24 15:33:45.000,26.41702500,-80.16763833,2.10,9.940,-27.740,4.316,174,16,19,,
T,2026-07-24 15:33:46.000,26.41700667,-80.16763000,2.00,9.840,-27.740,2.356,165,16,19,,
T,2026-07-24 15:33:47.000,26.41699500,-80.16762333,1.90,10.340,-27.740,0.000,,16,19,,
T,2026-07-24 15:33:48.000,26.41699667,-80.16762333,2.00,10.140,-27.740,0.000,,16,19,,
T,2026-07-24 15:33:49.000,26.41699500,-80.16762167,2.10,10.340,-27.740,0.000,,16,19,,
T,2026-07-24 15:33:50.000,26.41699500,-80.16762167,2.10,10.340,-27.740,0.000,,16,19,,
T,2026-07-24 15:33:51.000,26.41699500,-80.16762167,2.10,10.340,-27.740,0.000,,16,19,,
T,2026-07-24 15:33:52.000,26.41699500,-80.16762167,2.10,10.340,-27.740,0.000,,16,19,,
T,2026-07-24 15:33:53.000,26.41699167,-80.16761333,1.20,10.940,-27.740,3.246,168,16,19,,
T,2026-07-24 15:33:54.000,26.41698167,-80.16760500,1.10,10.940,-27.740,3.690,176,16,19,,
T,2026-07-24 15:33:55.000,26.41693500,-80.16760167,1.70,10.440,-27.740,4.380,180,16,19,,
T,2026-07-24 15:33:56.000,26.41687833,-80.16760000,1.80,10.540,-27.740,5.043,189,16,19,,
T,2026-07-24 15:33:57.000,26.41682000,-80.16760833,1.90,10.740,-27.740,5.222,197,16,19,,
T,2026-07-24 15:33:58.000,26.41676500,-80.16762500,1.90,10.439,-27.739,5.558,193,16,19,,
T,2026-07-24 15:33:59.000,26.41671000,-80.16763500,1.90,9.739,-27.739,5.415,178,16,19,,
T,2026-07-24 15:34:00.000,26.41665667,-80.16764500,1.90,9.539,-27.739,5.965,181,16,19,,
T,2026-07-24 15:34:01.000,26.41660000,-80.16765000,1.90,10.139,-27.739,6.004,193,16,19,,
T,2026-07-24 15:34:02.000,26.41654833,-80.16768000,1.90,10.139,-27.739,5.635,206,16,19,,
T,2026-07-24 15:34:03.000,26.41650500,-80.16772833,2.00,9.739,-27.739,6.134,220,16,19,,
T,2026-07-24 15:34:04.000,26.41646667,-80.16778500,2.00,9.239,-27.739,6.345,232,16,19,,
T,2026-07-24 15:34:05.000,26.41643833,-80.16784667,1.90,9.738,-27.738,6.470,237,16,19,,
T,2026-07-24 15:34:06.000,26.41640167,-80.16790667,1.90,10.538,-27.738,6.377,236,16,19,,
T,2026-07-24 15:34:07.000,26.41636833,-80.16795833,1.90,11.238,-27.738,6.518,232,16,19,,
T,2026-07-24 15:34:08.000,26.41632833,-80.16801667,1.90,11.538,-27.738,7.047,231,16,19,,
T,2026-07-24 15:34:09.000,26.41629167,-80.16807833,1.90,10.537,-27.737,7.324,236,16,19,,
T,2026-07-24 15:34:10.000,26.41625000,-80.16814500,1.90,9.637,-27.737,7.414,245,15,19,,
T,2026-07-24 15:34:11.000,26.41622833,-80.16821833,1.90,8.337,-27.737,7.615,255,15,19,,
T,2026-07-24 15:34:12.000,26.41622833,-80.16828667,1.90,7.636,-27.736,7.174,267,16,19,,
T,2026-07-24 15:34:13.000,26.41623667,-80.16836500,2.00,8.336,-27.736,7.167,271,15,19,,
T,2026-07-24 15:34:14.000,26.41623500,-80.16843833,2.00,8.436,-27.736,7.130,268,15,19,,
T,2026-07-24 15:34:15.000,26.41624167,-80.16851167,2.00,8.535,-27.735,6.912,268,15,19,,
T,2026-07-24 15:34:16.000,26.41624333,-80.16858333,1.90,8.935,-27.735,6.912,271,15,19,,
T,2026-07-24 15:34:17.000,26.41624833,-80.16864833,1.90,9.035,-27.735,6.933,277,15,19,,
T,2026-07-24 15:34:18.000,26.41626167,-80.16872000,1.90,8.635,-27.735,6.804,284,15,19,,
T,2026-07-24 15:34:19.000,26.41627167,-80.16878500,2.10,8.834,-27.734,7.297,281,15,19,,
T,2026-07-24 15:34:20.000,26.41628333,-80.16885667,2.00,8.934,-27.734,7.282,276,15,19,,
T,2026-07-24 15:34:21.000,26.41627833,-80.16892500,2.00,9.434,-27.734,7.073,272,15,19,,
T,2026-07-24 15:34:22.000,26.41627833,-80.16899000,2.00,9.034,-27.734,6.899,271,15,19,,
T,2026-07-24 15:34:23.000,26.41628000,-80.16906000,2.10,9.233,-27.733,7.013,275,15,19,,
T,2026-07-24 15:34:24.000,26.41628000,-80.16913167,2.00,8.833,-27.733,7.103,273,15,19,,
T,2026-07-24 15:34:25.000,26.41628000,-80.16920333,2.00,9.033,-27.733,6.934,274,15,19,,
T,2026-07-24 15:34:26.000,26.41628667,-80.16927667,2.00,9.632,-27.732,7.069,277,15,19,,
T,2026-07-24 15:34:27.000,26.41629667,-80.16934500,2.00,10.332,-27.732,7.060,281,15,19,,
T,2026-07-24 15:34:28.000,26.41631500,-80.16941833,2.00,10.632,-27.732,6.898,281,15,19,,
T,2026-07-24 15:34:29.000,26.41631833,-80.16949500,2.10,11.231,-27.731,6.597,273,15,19,,
T,2026-07-24 15:34:30.000,26.41632333,-80.16956667,2.00,11.731,-27.731,6.292,274,15,19,,
T,2026-07-24 15:34:31.000,26.41632000,-80.16963667,2.00,12.131,-27.731,6.906,269,15,19,,
T,2026-07-24 15:34:32.000,26.41632167,-80.16970500,2.00,12.831,-27.731,6.995,262,15,19,,
T,2026-07-24 15:34:33.000,26.41631167,-80.16977500,2.00,12.930,-27.730,7.001,258,15,19,,
T,2026-07-24 15:34:34.000,26.41629500,-80.16984167,2.00,12.530,-27.730,7.249,256,15,19,,
T,2026-07-24 15:34:35.000,26.41628333,-80.16990333,2.00,11.930,-27.730,6.761,259,15,19,,
T,2026-07-24 15:34:36.000,26.41628000,-80.16996833,2.00,11.230,-27.730,6.390,264,15,19,,
T,2026-07-24 15:34:37.000,26.41627500,-80.17002500,2.00,10.829,-27.729,5.743,272,15,19,,
T,2026-07-24 15:34:38.000,26.41628833,-80.17007500,1.90,11.329,-27.729,5.333,292,15,19,,
T,2026-07-24 15:34:39.000,26.41631000,-80.17011333,1.90,11.029,-27.729,4.632,312,16,19,,
T,2026-07-24 15:34:40.000,26.41635167,-80.17013500,1.90,10.929,-27.729,5.010,333,15,19,,
T,2026-07-24 15:34:41.000,26.41639500,-80.17015667,1.80,10.729,-27.729,5.025,342,16,19,,
T,2026-07-24 15:34:42.000,26.41643667,-80.17017000,1.80,10.129,-27.729,5.013,349,16,19,,
T,2026-07-24 15:34:43.000,26.41647833,-80.17017333,1.70,9.529,-27.729,4.857,8,16,19,,
T,2026-07-24 15:34:44.000,26.41651167,-80.17016000,1.60,9.029,-27.729,4.018,18,16,19,,
T,2026-07-24 15:34:45.000,26.41653500,-80.17014833,1.80,9.329,-27.729,2.061,18,15,19,,
T,2026-07-24 15:34:46.000,26.41654500,-80.17014000,1.80,9.629,-27.729,0.000,,15,19,,
T,2026-07-24 15:34:47.000,26.41654833,-80.17013833,1.90,9.729,-27.729,0.000,,15,19,,
T,2026-07-24 15:34:48.000,26.41654667,-80.17014000,1.90,9.829,-27.729,0.000,,15,19,,
T,2026-07-24 15:34:49.000,26.41654667,-80.17014000,1.90,9.829,-27.729,0.000,,16,19,,
T,2026-07-24 15:34:50.000,26.41654667,-80.17014000,2.00,9.829,-27.729,0.000,,16,19,,
T,2026-07-24 15:34:51.000,26.41654667,-80.17014000,2.00,9.829,-27.729,0.000,,16,19,,
T,2026-07-24 15:34:52.000,26.41654667,-80.17014000,1.20,9.829,-27.729,0.000,,16,19,,
T,2026-07-24 15:34:53.000,26.41654667,-80.17014000,1.10,9.829,-27.729,0.000,,16,19,,
T,2026-07-24 15:34:54.000,26.41654667,-80.17014000,1.10,9.829,-27.729,0.000,,15,19,,
T,2026-07-24 15:34:55.000,26.41654667,-80.17014000,1.10,9.829,-27.729,0.000,,15,19,,
T,2026-07-24 15:34:56.000,26.41654667,-80.17014000,1.20,9.829,-27.729,0.000,,15,19,,
T,2026-07-24 15:34:57.000,26.41654667,-80.17014000,1.30,9.829,-27.729,0.000,,15,19,,
T,2026-07-24 15:34:58.000,26.41654667,-80.17014000,1.40,9.829,-27.729,0.000,,16,19,,
T,2026-07-24 15:34:59.000,26.41654667,-80.17014000,1.40,9.829,-27.729,0.000,,16,19,,
T,2026-07-24 15:35:00.000,26.41654667,-80.17014000,1.10,9.829,-27.729,0.000,,16,19,,
T,2026-07-24 15:35:01.000,26.41654667,-80.17014000,1.00,9.829,-27.729,0.000,,16,19,,
T,2026-07-24 15:35:02.000,26.41654667,-80.17014000,1.00,9.829,-27.729,0.000,,16,19,,
